He	0.0594557435927	-0.00197921194663	-0.0239856803445
He	0.0459809627017	-0.00358977638429	0.00456176159754
He	0.051020145773	-0.00110877778414	-0.0214499500962
He	-0.133090285391	0.0100348385492	0.0239432231648
He	0.00620910495662	-0.0114276828654	0.00294571194155
He	-0.0708008702366	0.00542272229224	-0.0501946607783
He	0.0900379913986	0.0026544105528	-0.0532849601789
He	-0.00161597356775	0.00278038652296	0.0772459366924
He	-0.033386128695	0.0887135803363	0.0830626748738
He	-0.01797395114	0.000694727763014	-0.0077832166801
He	0.00699565241813	-0.0141962337189	-0.0113037787631
He	0.0378976277179	0.0205397453885	0.0031276786879
He	-0.00855791433491	0.0284115836546	-0.0255426816868
He	0.0172762388535	-0.0496821733171	0.000321126200526
He	0.116150200081	0.207468963399	0.0072079244635
He	-0.0495946196696	-0.0817819599365	-0.128146786002
He	-0.0331211278119	0.0158622159772	0.0267300210281
He	-0.0683180201745	-0.0101224967927	0.0263005020336
He	-0.0486814218303	0.119430207437	0.222300290523
He	-0.0850420189914	-0.017111352956	0.00599662501827
He	-0.0269446605269	-0.0679492323483	-0.0340202766909
He	-0.0910960142029	0.0401958169849	0.00907145112724
He	0.017701551821	-0.00863336686097	0.0167724975845
He	0.0123498190415	-0.0520380646841	0.0293949264895
He	0.0401176280593	0.0200741075591	-0.0162587188988
He	-0.0528937916425	0.0527705394011	-0.0322571160935
He	0.0379003148961	0.031897383894	0.0175439936568
He	0.0460434558914	-0.025309775976	-0.00157422367116
He	0.0110390666385	-0.0139890045906	0.0168148987836
He	-0.0273795201799	-0.0952782951682	-0.0188949090471
He	-0.00636317252582	-0.00297654377284	-0.0323129150078
He	0.0579786284122	-0.133598208061	-0.21058835367
He	0.0127581625345	0.0112037819307	-0.0426041935154
He	0.00485682421268	0.256392605312	0.238196976228
He	0.0599467236282	-0.00410847104254	-0.0265132028065
He	0.0741243575273	0.0312414781946	0.0409770024866
He	0.0761959247644	-0.0827042464912	-0.0262888252794
He	0.00626104286837	0.0145070548791	-0.0550628608621
He	-0.0131925815859	0.0260755849317	0.0028225695981
He	0.0231263713183	0.178724252114	0.0489652606821
He	0.0383303599596	-0.0382974139416	-0.0209468720913
He	-0.00816111963909	0.00983963074387	-0.00889905035854
He	0.0316913105466	0.0120404288741	0.00375999322639
He	0.0915694242517	0.00722179585542	-0.0279083476829
He	-0.0247135876988	0.00247588985765	0.0133788272381
He	-0.0270740286381	0.00716638544528	0.00176671572348
He	-0.119598111925	7.8174863892e-05	0.0165194510483
He	0.0606745558992	-0.113700664942	-0.031197795329
He	0.108151208111	-0.0284377087482	-0.0795614897248
He	0.0897431059949	0.0582216897875	0.0114350675603
He	0.000595583468587	-0.0600044445085	-0.0245404315162
He	0.00376980621983	-0.000158355650579	0.0221538314869
He	0.00064029786998	-0.0189253202603	-0.0813298789518
He	0.0883876478893	-0.461693639495	0.037744257759
He	0.00246526605272	-0.0818707363814	-0.0787346999461
He	0.0243406976547	0.032766205056	-0.0145971201301
He	0.0401754342922	-0.0333348556165	0.0522347061102
He	0.0253484971984	-0.00103063839176	-0.00392538193544
He	0.0273303754946	-0.0205839706661	0.0116600446498
He	0.254868665216	0.541356445863	-0.455387743622
He	0.00988353492966	-0.00456856220762	-0.00942468150438
He	-0.0191223054531	-0.0527172018332	-0.468891513496
He	-0.0026882438458	-0.0223608716919	0.0158306614649
He	0.0245914120769	-0.0205653817081	-0.0465667133531
He	-0.00709722147826	0.00825621132989	0.00291236972115
He	0.124598232041	0.262413266279	0.085192062705
He	-0.0060349929864	0.0177740315131	-0.0374747250409
He	-0.025866086388	-0.0263234228024	0.00291233572976
He	-0.0325295690747	0.0733257258546	0.243131890575
He	-0.169004089375	0.114768443214	0.0138881121783
He	-0.00145429544531	0.0506224034439	-0.0779019760654
He	-0.0310886271914	-0.483476893268	-0.0438089378572
He	0.204967589754	0.0790712436413	-0.0353369670244
He	0.0251774144951	0.0400927680381	0.0148611153929
He	0.0117550161247	-0.00139997300611	0.0361685948603
He	0.0983791161042	-0.0509710351684	-0.0568207881058
He	0.163864238432	-0.189469090696	0.0197867457088
He	0.0777711285419	-0.0155445101461	0.0752221529375
He	0.00221622151311	-0.0465025369386	0.0847682454854
He	-0.0812003126833	-0.0678837729401	-0.12658316035
He	-0.0224041533681	-0.0536690004719	0.0215573168506
He	-0.00364521182593	0.0312705895131	0.0162449521574
He	-0.152932931367	0.0408049299103	0.23684527375
He	-0.0519848779862	0.0817616183614	-0.125291537185
He	0.0390023874773	0.00264376819069	0.0378666793429
He	0.0589586148599	0.212594125591	-0.137894950436
He	0.0545772839256	0.0123302675653	0.0474772732675
He	-0.00353079554719	-0.0215877674724	-0.0340430501101
He	0.205038881693	-0.195753000699	0.107651628634
He	-0.0582263804233	0.0379953787967	-0.0180557667645
He	0.0307884170169	-0.0158798081739	0.0323777503148
He	0.0533731296328	-0.0172112918314	-0.0150998541664
He	0.0646771930826	-0.0497979439877	0.0435036585955
He	-0.00300439778271	0.00189788201152	-0.0327525462152
He	-0.00162770913805	-0.0212996137338	-0.00416814685968
He	0.0132918747315	-0.000350107068845	-0.000799005749952
He	-0.0202889091466	-0.0110932980116	-0.0134783804653
He	-0.17815743411	0.000808833100048	-0.181596751395
He	-0.00786638428609	-0.00146945579609	-0.00244721078207
He	0.0171752243196	-0.00840771368608	-0.0119615773548
He	0.0228992949722	-0.0181242388091	3.54982373388e-05
He	0.0137727077983	0.0015342004123	0.0100118805576
He	-0.0367109298752	0.0334953400596	0.0558656497477
He	0.0294217974686	0.00658540581797	-0.00369620822231
He	0.0190853190884	-0.0291194986883	0.0274946236359
He	0.0248711054341	0.0355554110584	-0.00479405797244
He	-0.0033924538357	0.00822236337705	0.000119962078909
He	0.0073210559854	0.0175277541235	0.0734122619338
He	-0.00273330663139	0.0207837593903	-0.0200880548075
He	-0.0997731445346	0.253964956358	0.0418773419043
He	-0.0258679552502	-0.0300550466053	-0.0198878197155
He	0.0653696570427	0.00244188683043	0.00537757402078
He	-0.00192799146925	-0.0324845483474	0.00541963971285
He	-0.0525138932114	-0.0465603092955	0.000883897276862
He	0.27200447599	0.198430775806	-0.0183496803359
He	-0.00827229378959	-0.052283401488	-0.0169202602009
He	0.0543669101554	-0.0080171400544	-0.109537842209
He	0.0393810905781	0.112326165004	-0.0191679976981
He	0.0487151415378	-0.00360734362796	0.0949724371145
He	-0.00141180811459	-0.0221696972327	-0.0173742682222
He	-0.00660880382634	0.00535069021997	-0.00886140302208
He	-0.0752575431414	-0.0603654589802	-0.00662972856023
He	-0.00750412226334	-0.893220036906	0.534511268625
He	-0.0105014956846	-0.00905193480178	-0.020399027179
He	-0.0407460025577	0.0355724920653	-0.00799988914135
He	-0.0463900551009	-0.00437939918914	-0.0182291695309
He	-0.0215911231718	0.041960665657	-0.123362178136
He	-0.0361568110749	-0.008838800077	-0.0255360810669
He	0.0701310186473	0.0158668273158	0.0773085505376
He	-0.0290488540645	-0.0154506773415	0.0180320583235
He	-0.0107036045318	0.0150988776422	-0.00417132495693
He	-0.00526262124601	0.0275235869455	-0.0062553441441
He	0.0157190951991	0.0175941388306	0.0213072556542
He	0.0176573438965	0.0639603862317	0.0872068217685
He	-0.0383837706578	-0.179568230988	0.123390646046
He	-0.0257434788619	-0.0591385749502	-0.0326882281761
He	0.0230772023601	0.0451795996719	-0.0185824892239
He	0.0623847355133	0.0861731158721	0.0355254798822
He	-0.0819918943638	-0.0185279960327	-0.052501752801
He	0.0670298690958	-0.0808452372627	0.00652341622454
He	0.0597743030324	-0.020578455565	0.0295751745325
He	-0.0190922746702	0.00535392836081	-0.0154634063825
He	-0.0728354752114	0.0295494828169	-0.0138884129686
He	-0.00782244844228	-0.102925143976	0.124282396686
He	0.00546938330762	0.0307211865533	-0.0260498190758
He	-0.031417226661	-0.231721748931	-0.144152507718
He	0.0280450498161	0.0166391573697	-0.00678830777229
He	-0.0262742953729	0.0412012104035	-0.0402240539244
He	-0.157568630549	0.0196477580508	0.180191527886
He	0.014627622788	0.00984056114833	-0.0201791638341
He	-0.0956006163906	0.0246539459753	-0.055880524422
He	-0.00420631325286	0.0329569684802	-0.0304366807795
He	-0.0432285500377	0.0141034017175	-0.090361755652
He	0.0163903614731	-0.0255715449642	0.0343046393459
He	-0.114630850532	-0.0569425894041	-0.00147546699983
He	-0.0459149711524	0.182395474999	0.0350472682472
He	0.147827709637	-0.132864739194	-0.0208371499903
He	-0.00013656547051	-0.000371418867605	0.0261173847889
He	0.0379334074308	-0.0332683378682	-0.00780729382375
He	0.0495019466606	0.0745932429395	-0.175382499815
He	0.0147020042246	-0.0485617451784	-0.0325842813673
He	-0.0241137538188	-0.00621251973382	-0.033281939104
He	0.0410897909596	-0.0781920203792	-0.00832747676535
He	-0.041203043062	-0.0375639961517	-0.0122083018877
He	0.0459315434252	0.017180771625	0.0467897547326
He	-0.119555580232	-0.00730964055263	0.149886934422
He	-0.035547352731	0.0064655787761	-0.00918416232903
He	-0.076550356971	-0.170880775501	-0.024607427435
He	-0.00533581983905	0.0426491407822	0.042882251069
He	0.0538907739213	0.00793221609987	0.0219338419434
He	0.059132014559	-0.00299771320936	0.0779120120524
He	0.0146242376212	-0.0140515238841	0.0579719768796
He	-0.0723320781538	0.0544342617861	-0.0642295718876
He	-0.0276394182813	-0.0204252586581	0.0382493973619
He	0.0282689591367	-0.00715257356154	-0.000718317772293
He	0.0163068352065	0.0427896002044	0.00591488294888
He	-0.0122848057355	-0.0249325923806	0.0360309221985
He	0.00875684927241	-0.0122112810949	0.0157672647061
He	0.0596038789465	0.0484209997701	-0.0838285133981
He	-0.019789877086	-0.0496536993083	0.105345091579
He	-0.0337554501211	0.00255277149776	-0.0106486095219
He	0.171086677047	0.323694048581	-0.0824186878869
He	-0.0246980705156	-0.0171796432538	0.000597431715897
He	-0.0093393117137	-0.0106206910952	-0.0360863014927
He	-0.0417556116214	0.0369116258011	-0.0141358118195
He	0.0390228930095	-0.0789357643119	0.0577277210872
He	0.0110810648036	0.177500061184	-0.0796743064024
He	-0.0452695768822	-0.00419128118587	-0.0904120218427
He	0.00621803854617	0.104341152221	0.100624144538
He	0.011169846451	0.0234132129783	0.0113241024187
He	-0.230035553464	0.0650268770027	-0.0468216365116
He	-0.0380726742529	-0.0257855438215	0.0165597094111
He	-0.00215864811461	0.0289073656644	0.00488970683606
He	-0.0660354770799	-0.0809602068475	-0.209412016283
He	-0.0574651839806	0.0988085186308	-0.00597795531511
He	0.0494239626455	0.00735816769333	0.0209603966651
He	0.0371625120072	0.0148733859651	0.0533070808301
He	-0.0361393943709	-0.0335527318771	-0.00576894706796
He	0.00690920142462	-0.0108494591543	-0.0307584818939
He	0.0327118118975	0.0439960898893	-0.0188896748721
He	-0.0524095266979	0.152753710114	0.0228585927398
He	-0.0106227621541	0.0238082894679	0.0321377388272
He	0.0325370561352	-0.00710372906322	0.0268967027903
He	0.0591200757356	-0.0696785217185	-0.149181717939
He	-0.0287121067054	-0.0598438265944	-0.00772924488715
He	0.021090745299	-0.00198541440548	-0.00454458385421
He	-0.0963124697575	-0.0204855149799	0.0565268148046
He	0.00663910565706	-0.0321267968707	0.167868559268
He	-0.0229531262938	-0.0788740207554	0.0263509602691
He	-0.0181467289711	-0.0236051266565	0.0669647866102
He	0.104855192986	0.131376899492	0.0421680272461
He	0.0728884183308	0.0388473424084	0.0453912595517
He	-0.0781260425452	-0.0540459598694	0.0250344131604
He	-0.111445516949	-0.0170831344746	0.0673305587625
He	0.0138799226605	-0.0632478654437	-0.0735911080085
He	0.0445948393896	-0.223998461235	-0.0196881928544
He	0.229425122413	-0.0215336622694	0.102759343505
He	0.00627709510111	-0.00601488556674	-0.00566520568182
He	-0.0236528949172	0.0433429225454	-0.0576738132886
He	-0.088963972654	0.132148336632	0.0491647013121
He	-0.0249248540394	-0.0476682380659	0.0821630818641
He	-0.00688842760832	-0.0520657421494	-0.0667925922006
He	-0.00674788461719	0.0128051512368	0.0265662099425
He	-0.0221811210368	-0.0168039444142	0.0139647768414
He	0.00507606227631	0.0269319495803	-0.029024502094
He	0.0206453248313	0.0105055082203	0.00998137893948
He	-0.036888624258	0.000657839309094	0.0789399699146
He	-0.0365914526536	0.042917990341	0.00133142687188
He	-0.0132778133302	0.100411260075	-0.0387130686687
He	-0.00980720872046	0.0774459356287	0.00442242656242
He	-0.0561629670781	-0.675737145754	-0.10064411097
He	0.0283297895947	0.00823459187987	-0.00480487979135
He	0.00887349912083	0.0227600811692	-0.0224732431107
He	0.0164988419985	0.0548975831945	0.0872202557423
He	-0.0414626326735	0.0220475243766	-0.157031716041
He	-0.0225181630893	-0.0163738844398	-0.00498423873762
He	0.0300224773346	-0.00916017514544	0.0198083763896
He	0.0436527382823	-0.0251743834153	-0.0259087247928
He	-0.0367313173904	-0.00905429830648	-0.0230595868856
He	-0.0269465203028	0.11646094161	-0.0611129342995
He	0.0234947395129	0.00789128784662	-0.0117000328844
He	-0.112807747325	-0.0270816571612	0.00119076680208
He	0.0526341249643	0.0912284590271	-0.0198040122041
He	0.0401765179645	-0.0337054109878	-0.0475424806641
He	-0.142320410554	0.018860313441	-0.0833191386261
He	0.0148485333276	-0.0275953912468	-0.0486288610381
He	-0.0478949354523	0.0788238328014	0.0386590183012
He	-0.0357488757775	0.0528249285751	0.017027179865
He	-0.0169853311571	0.00695260476517	-0.00994886866982
He	0.0568376539105	-0.181520955501	-0.118501557223
He	-0.132562017802	0.0157152986775	-0.0449228049735
He	0.0316615647025	-0.1065711644	0.00305492858736
He	0.0413371699858	-0.0544088710552	0.0332779125872
He	0.000525704428662	-0.0567365667274	-0.0211193449031
He	0.0251575352133	0.0503592983273	0.0207638173554
He	-0.0282602457658	-0.0554726514934	-0.0582576867199
He	0.024930062135	-0.0376030549104	0.017055501282
He	0.019291915837	0.00914669144211	-0.0317115935124
He	0.0631223663555	-0.0250107408822	-0.00332335727923
He	0.0514458896939	0.0322125713566	-0.00174205292808
He	-0.0445343409114	-0.0342616445813	0.0782260737106
He	-0.0359544767503	0.0444001997987	0.0113144729777
He	-0.0515251337231	-0.0346009318329	-0.0392142777215
He	0.0572634730972	0.0397468979819	-0.0447065203466
He	0.00821347844567	0.00393280590494	-0.00673206876906
He	0.0159583172484	0.0798570335629	-0.0396044334486
He	0.0648629640719	0.0371988074918	-0.1124200713
He	0.0134233541492	-0.0105391210585	-0.00403054565432
He	-0.019639654648	-0.0782838242867	-0.03080359845
He	-0.00748391438598	-0.00225972901814	-0.0220119236886
He	0.00552945285902	-0.00413766782978	0.0192364305904
He	0.0599763862053	-0.102663194592	0.0815369928118
He	-0.014875500227	0.0359836190558	0.0209815142489
He	-0.0324526115702	-0.0191045023246	0.021860303256
He	0.0086511803863	-0.00620234953462	-0.0539937194205
He	0.0931099114639	-0.0941055619904	-0.0620641646858
He	0.00577100768512	0.0129659783772	-0.0270790327897
He	0.013933545545	-0.131630936865	-0.16839290396
He	0.0348500866493	0.0140925855237	-0.056136727889
He	-0.09724855179	0.170685974528	0.120206944353
He	0.00905873078397	0.0282201282144	-0.0287274582064
He	0.0910850074738	0.066166136819	0.0376834653428
He	0.00208235273697	-0.00382404234269	-0.00444309522886
He	0.021374697024	0.0125042245301	0.137564829537
He	-0.219875524774	-0.0861591754037	-0.264675006552
He	0.046054784629	-0.0639975728921	-0.0130087071513
He	-0.0109549545353	0.0286228378868	0.015295220198
He	-0.00683243306784	0.0877467850135	-0.0239730426161
He	-0.0177270377026	-0.0368180529221	-0.0210456346481
He	-0.0184113647433	0.0801754920237	0.00748097978142
He	-0.172557224637	-0.033855136979	0.0297101923712
He	0.0480889237254	0.0926645118116	-0.0463997495067
He	0.00326516123789	-0.0203583755764	-0.013943545346
He	-0.0110265420151	-0.0933331115642	-0.0280993451278
He	0.0413406621783	-0.04309186682	-0.000226088575988
He	0.0157489165162	0.0415690702998	0.129226819329
He	-0.0120521510329	-0.0201108756306	-0.0131479848016
He	0.147437257111	-0.105785443387	0.0810166485115
He	0.00660646669211	-0.0452167788268	0.214516630971
He	-0.00608528238255	-0.0873935505588	-0.0171967425946
He	-0.00703572347701	-0.0161223872762	0.0188300920611
He	-0.0508237088311	-0.066316182576	0.224729412101
He	-0.00885815914857	0.0881739247377	0.00992220030125
He	0.239328520391	-0.0709095063596	0.121339832544
He	0.0167225319608	0.00770083178827	0.0277904666542
He	0.0600159060761	-0.131508323364	-0.151302385539
He	-0.13824121771	0.0409914223625	-0.0412983908393
He	0.0570384499005	0.0236289444192	-0.0262760666047
He	0.013338225802	-0.0300584492844	-0.0481938017973
He	0.0212410452933	-0.0358339973224	0.0611533828968
He	0.0323590468127	0.0260628537061	0.0420670357207
He	-0.040936774148	0.0534329511095	0.0165006352078
He	0.0245845601269	-0.00269078494431	-0.0313945949493
He	-0.0255739417598	0.0324071774584	-0.0166542639323
He	-0.102238747275	-0.0927045146821	-0.124339830735
He	-0.0283196645505	0.0472882356288	0.0297250496596
He	-0.139765148381	-0.123250777857	0.029636155836
He	-0.0307120652122	-0.0148002195256	0.0241878091692
He	0.0156169691053	0.0455632374685	0.0136598432309
He	-0.112750046885	-0.0730125796955	0.107323078268
He	-0.0220405261144	-0.0540527128012	0.0337078116114
He	0.0152495501308	-0.00852500868051	0.0167272847304
He	-0.0556474497391	0.036811220488	0.137716707147
He	0.0229350745104	0.0140382078566	0.0214416115427
He	-0.0141695736241	0.00441938493009	-0.137704944038
He	0.00171819960668	-0.262047005001	-0.328738604765
He	-0.0536520170092	0.243598871485	0.157414536854
He	-0.0790512175985	-0.00569031150973	-0.00267717565683
He	0.0017892952976	-0.01377464918	0.00699846595396
He	-0.0134671864176	-0.0254672478619	0.0415140851556
He	-0.017470253579	-0.0376403313743	0.0310972579743
He	0.0166128940315	-0.00717974544838	-0.00187996846142
He	0.00891641441504	-0.018883040703	0.0307528817503
He	-0.00999076152571	0.052913619616	0.0366257458299
He	0.0492068128185	-0.0271745068633	0.0139769066302
He	-0.0376322100484	-0.0353461065934	-0.080025386198
He	-0.0896087218354	0.0203516620307	0.0133677990249
He	-0.0402957277807	0.0927820570867	0.0643646108057
He	-0.000473874908824	0.0719999742038	-0.032289267457
He	-0.161962242729	0.0393877480559	0.0226346703629
He	0.000316145241131	0.0366577952632	0.00388408741495
He	-0.0251180790983	-0.0065931470272	0.00171454072545
He	-0.0122686234724	-0.0399154601192	-0.0262351326769
He	0.022260650435	0.0183926666132	-0.0172209790459
He	-0.00613484810929	0.00281054486109	0.0204557874221
He	0.0320403576121	0.068259743834	-0.0643128269107
He	-0.0234019620088	0.024437160533	-0.0986799501986
He	0.00928298286187	-0.0167267765612	-0.0222791201718
He	-0.0219417635974	-0.013038431488	-0.00166410316989
He	-0.0545176682002	-0.0437924065111	-0.033999428065
He	-0.0154571207619	0.0323994305644	-0.0585922549244
He	-0.00475850651078	-0.0256524552017	-0.0187004947289
He	0.0179121464439	-0.00896444965637	-0.0313299884934
He	0.00517291329578	-0.0249386932788	-0.0239382607672
He	0.0214567263397	0.0120594183014	0.00136551837104
He	0.0303450680968	-0.0098568618534	0.0278731379037
He	-0.00574043826722	-0.00636093223186	0.0474917661472
He	0.159966468053	0.0652513958853	0.00312742124762
He	0.00374586736364	0.0287082257741	0.0558995526926
He	0.00902966101148	0.0232716260589	0.0278286779932
He	0.00965180831187	-0.0107675373483	0.00443262475396
He	-0.266868709587	0.144072650295	-0.256284921832
He	-0.0486120287466	0.0261153869389	-0.00142962286472
He	-0.036179596892	0.0908543438269	0.0216344228068
He	-0.184002012678	0.0105903018887	0.0190689383965
He	0.00249116346158	-0.0064373790997	-0.00480748580145
He	0.0206893623011	0.0131908801475	0.0133716965981
He	-0.0301385692133	-0.0390465865722	0.0466230189053
He	0.0201197907716	-0.0467170444095	-0.0501261745419
He	-0.00756401492392	-0.0287440848322	-0.00756000159622
He	-0.0776452343895	0.0577981556266	-0.0508040468671
He	-0.00275351768307	0.133067502216	0.0284047200445
He	-0.0040580318123	0.0984671246536	-0.0655213312237
He	0.0819040673586	-0.0135452617484	0.0555289547576
He	-0.0395936289279	0.0283501829721	-0.0575813213101
He	0.0462032893634	0.0410311579201	-0.0119882102285
He	0.0661312456624	0.0942578270783	0.000632189181739
He	0.00938307431946	0.048358739386	0.00682990722915
He	0.00585346332628	0.0172894938573	0.0284361024369
He	0.105837679541	0.0263186721134	-0.0516732790762
He	-0.0293496194146	-0.017967278388	0.0162601893695
He	-0.00213866304	0.0366346050996	0.0151267581842
He	0.0225932193883	0.0133562267539	0.0397426326624
He	-0.00292260483837	-0.00248864516743	0.0124357943762
He	-0.437559945512	0.199706144379	-0.674796142341
He	-0.0613483648783	-0.125209379885	-0.0443261102547
He	0.000532810157616	-0.013831333879	0.0185486361152
He	-0.0322891394528	0.0892821559936	0.0141736810469
He	-0.0645801984151	-0.0273832576127	0.00205547621607
He	0.0655610170857	0.132304889424	-0.187949234757
He	-0.00450106925129	0.0286072009505	-0.0345571931545
He	-0.0429622204683	-0.117680275072	0.0130669753604
He	0.0356943115048	-0.0225519215352	0.0763965403876
He	-0.0475217809806	0.115141607072	0.00725503430853
He	0.105289380784	-0.0530697982585	0.0208867068652
He	-0.0824903324813	0.0440383561409	0.0485816807213
He	0.0125122860949	-0.0131219412674	-0.00730712904546
He	-0.0137595017845	0.018476709089	0.0247471795486
He	-0.0372198238841	0.0065410213557	0.00510593739258
He	0.0278368763288	-0.0753637959945	0.125439900385
He	-0.020205244624	0.0117198693055	-0.0271443325221
He	0.0145651028104	-0.0228733807887	-0.0193621837089
He	-0.0952505313877	-0.056446276164	-0.0563826510613
He	-0.00563987808946	0.00799698478312	-0.146694459037
He	-0.00499001838326	0.169743244363	-0.0261689242083
He	-0.0706006250201	-0.122750405713	-0.0948136144431
He	-0.00330387817697	0.00111443697265	0.00505716703291
He	0.00376500691424	-0.0223604252835	0.0321951528518
He	0.06510368205	0.0154502623033	-0.00796246785884
He	0.080230758248	-0.0995786909026	-0.0669176515681
He	0.00397838360677	-0.0193536098781	-0.0964433477025
He	-0.0293014003886	0.0462096960062	-0.0203566162954
He	-0.0165529687864	0.0877662988544	0.0432606350007
He	0.0348153703958	0.0607656862222	0.0417163166361
He	-0.0501815921874	0.0390030286859	0.0319760065052
He	0.097206526184	-0.0413473163337	0.174161698937
He	0.0256785482866	-0.022425757537	-0.00675635212613
He	-0.101055810492	0.112013007169	0.0460015607423
He	-0.0146172383715	-0.00556754336905	-0.022516842193
He	0.00087923705623	-0.00601228159348	-0.00426554237873
He	-0.0582180934096	-0.0736775861661	0.0191855064172
He	-0.0102680018091	0.0140974320305	-0.0135976821497
He	0.00236077517824	-0.0137994963528	-0.000168098647578
He	-0.0389718494561	0.0235734192826	0.0231687086853
He	0.0181900387723	0.00707613627908	-0.0424783345125
He	0.00352180078996	-0.0257294890852	-0.0184272527685
He	-0.0992486413464	0.338606013668	-0.0343315764557
He	0.0120419157115	-0.0714837656854	0.0157816413419
He	-0.0727639419973	-0.00447538488343	0.0530151116668
He	0.0473079107164	0.022454802943	-0.0270840116205
He	-0.0328227516083	-0.0336580397306	-0.0243436626197
He	0.00440968485045	0.0186432961081	0.00930585497034
He	-0.0259324387334	-0.024494086074	-0.0276928106115
He	-0.0376146275695	0.0466196996053	0.0286853743815
He	0.0354603949542	0.0130293857362	0.00758474800636
He	-0.0701848284744	0.13300438208	0.241912102835
He	0.00205714733037	0.0102496245975	-0.0223384039048
He	-0.0099182332778	0.0374806205036	0.01963491899
He	-0.0286482987429	0.0495585884982	0.00753575292665
He	0.040190012738	-0.0458074712792	0.0221290637274
He	-0.0375000441741	-0.0591405316714	0.037567926677
He	-0.0113252436765	0.0490853582461	0.0175738021026
He	0.0286371351301	-0.0753402546409	0.0716648425116
He	-0.00733629716789	0.00654159627612	-0.025026433951
He	0.0590782208204	0.0725172060353	-0.0814050957655
He	0.0101322924696	0.00456972930652	-0.00586425049932
He	-0.0994014193202	0.0534934317712	-0.0227368106409
He	0.0228381007314	-0.0141623168948	0.00483405561523
He	0.00343666712687	-0.0571548077204	0.13950911304
He	-0.0216002084076	-0.0106277099919	0.0399151542113
He	-0.0366986313506	0.0735778208876	-0.00965853732767
He	0.0164460586251	-0.073670707258	0.117719319956
He	-0.0124556109304	0.229029395349	0.00927590691226
He	-0.0217786307391	0.0194214374349	-0.0540527598877
He	-0.00914537946556	0.0113558945293	-0.0305618689565
He	0.125640140317	0.0118373427837	-0.0482310612986
He	0.0109818423448	-0.00360311853216	0.00722920703479
He	-0.102009162129	0.0447350505457	-0.0417284941503
He	0.000814739492738	-0.00536018437902	0.0317423621307
He	-0.0339770706215	0.0040939951223	-0.0178769235592
He	0.00887657386791	-0.0439191687755	0.0504846903284
He	-0.0220009232913	-0.0155282831599	0.0248506864721
He	0.177006636634	-0.109149877939	0.165765600089
He	-0.0135301384988	-0.0180064045375	0.0167468974233
He	-0.0642453493627	-0.0915760056896	-0.0111825159509
He	0.00723575339563	0.0124973472579	-0.0229119713008
He	-0.0408908379301	0.0859740664239	0.0963138285496
He	-0.0521288169552	0.00331682013782	-0.0625855028419
He	0.035303546475	-0.0264299100716	-0.0267744968881
He	-0.0225014318738	0.0361820438381	-0.0599204239453
He	0.0271854114969	-0.0355610589853	-0.00422008322714
He	0.00879949478043	-0.0341262795861	0.102600719958
He	0.0823110075803	0.0166111331715	0.0186793653272
He	-0.0153692236581	-0.0233930985475	0.00903398419015
He	0.0278724737947	-0.0278504791877	-0.0343786751405
He	0.0103155060316	0.0208828829267	-0.00409262426815
He	-0.0613457353064	-0.0697044318446	0.0362514050403
He	-0.0391102823498	0.0166677834563	0.0135301964444
He	-0.0167079436309	-0.000617927433283	-0.0228956245183
He	0.0115963459427	0.00717496039029	-0.0132466940418
He	-0.00533463637017	0.0413910742264	-0.0157161301207
He	-0.0323505398368	0.0268576464572	0.0342850122583
He	0.0093760414173	0.0240784487867	0.00739120646482
He	0.0657496494318	-0.00648002497541	-0.00366525214905
He	0.0232421512934	0.0252618246836	-0.00294895524312
He	-0.0380075338897	0.306142545439	-0.481668622791
He	0.0211930141035	0.00418501962582	-0.1474356531
He	0.0474970116079	0.00582325921663	-0.0429151855692
He	0.000694773698742	-0.0059557047147	0.0226086282547
He	0.0574450376837	-0.00541837408488	0.0654128726219
He	0.0206531467904	-0.0148859391137	-0.0141865031763
He	-0.0304925389121	-0.0117281721383	-4.04278202028e-05
He	-0.0381719591813	0.0522770530898	-0.1889970511
He	-0.0462133910911	-0.046775410001	0.0710906402863
He	0.0440648468068	-0.00759913229384	0.0660016479053
He	0.0490854674648	0.0143878162908	-0.0575643792478
He	0.0431560609991	-0.0670618370399	0.0636399898531
He	0.0018388481304	0.0236153823886	0.00211912276333
He	0.200975694989	0.0128550444531	0.116686133788
He	0.0133378809596	-0.0247203378931	0.204023390986
He	-0.00432302935699	0.0282787318479	0.00411554358087
He	-0.0402008758987	0.0180355370957	0.0451127299615
He	0.0128399166709	0.0370050155068	-0.00825612857271
He	-0.121272013244	-0.0997749567992	0.0342274301815
He	0.0427800490105	-0.0456003406889	-0.00992741611521
He	0.0388320425847	0.0985860881686	0.0186301675347
He	0.0571946017615	0.0145717987264	0.073945390794
He	0.0624833297098	0.0356704489177	0.0551954471522
He	0.0405225895472	0.0355359309879	-0.035981565389
He	0.0182738583804	-0.208640334329	-0.126792117483
He	-0.114210095129	-0.325941780079	-0.585989499936
He	-0.0359362735897	0.0134475063846	-0.0214867317134
He	0.0809052037871	0.00884104307979	0.0366033826562
He	0.0680411873036	0.0130070893716	0.0687768768323
He	-0.0160631577294	-0.0181327379858	0.0545225321323
He	0.0265152120025	-0.0583300323106	0.0435632319493
He	-0.0675839341376	-0.00326303244526	-0.0248170385529
He	0.0474823685762	-0.0232917406316	0.0153547877402
He	0.0506047108293	-0.030719491325	-0.166637432619
He	0.0348528729137	0.0842778713417	-0.0548912302008
He	-0.036291241338	0.000622425112376	-0.0211315166286
He	0.0582501553989	0.0113272726432	-0.0323448487907
He	-0.0544137734324	-0.0413333221178	-0.0103269819824
He	-0.0211013400462	-0.0266576190648	-0.0081118661403
He	0.018416566549	-0.0320060366465	-0.0805182363982
He	0.0585857979343	0.0340257411064	0.0688485538953
He	0.0280979006537	-0.0155548928228	-0.0314905866646
He	-0.0371161648042	0.0136633500226	-0.00298270722064
He	-0.0305612380575	-0.0608642024227	0.237465692744
He	-0.0335117402849	-0.0237382195988	-0.0196657158942
He	-0.0546298206323	0.0913371681103	0.0559685083783
He	0.0720665989052	0.0768268665791	-0.0625945346589
He	0.00242362127495	-0.0041730809753	-0.006921046461
He	-0.0509051455183	0.0358259507166	0.00492749916634
He	0.0464966110631	0.10411298196	-0.0923135280157
He	-0.026860845647	0.0874236755718	-0.0503877591427
He	0.0278984877327	-0.016176427696	0.00730999918488
He	0.0452625599589	0.0299714166907	0.00997225663066
He	0.0187292582774	-0.0234206236628	-0.022284020633
He	-0.0732397249355	-0.0757916455225	0.0695719599086
He	0.011260570816	0.0621367788958	0.0543318447071
He	0.121201124859	0.00437037610783	0.0838791127485
He	0.0182446586006	0.132756778974	0.143417972155
He	0.126645028087	0.164107375807	0.122617780801
He	-0.0176655304927	-0.00734442963401	-0.0261201292081
He	0.0295832222895	0.0090718659568	0.0237287775088
He	0.0611209209315	0.0381923200879	-0.0122389298708
He	0.0618532309331	-0.0332480102491	-0.0533536480631
He	-0.0612080527912	-0.060687775312	0.00493064526264
He	0.214118020444	-0.137193771979	0.158871475713
He	-0.030004416041	0.0167808060166	0.0137251714828
He	-0.025300251949	-0.0806900738809	-0.0505833837698
He	0.0436827184526	0.00324353355474	-0.0545534031279
He	-0.010365931988	0.0319426897324	-0.159593078781
He	0.00417956382162	0.0165528645393	0.0312858928849
He	-0.027298391591	-0.00642207297473	0.0255704446928
He	-0.000915271032171	0.0215308762617	0.0538769891607
He	-0.079788034671	-0.00641140116408	-0.149290710318
He	0.0148887453455	0.0203854419177	-0.0236899811364
He	0.0549323361943	0.0589860616418	0.0186430119822
He	-0.0273425207504	0.0639235818343	0.0608813665433
He	0.00143207877419	0.0459900617438	-0.0130781087407
He	0.00241979026267	0.00150330768735	0.00448353094687
He	0.0567675621708	0.214226638261	0.164011233003
He	0.0351326214073	-0.063666932085	-0.0257248951917
He	-0.0855277095436	0.00304499100061	-0.0249888772723
He	-0.0485393661343	0.0245327952224	-0.0483308545108
He	0.133345676756	-0.107298673952	0.0174912217581
He	-0.0744912374638	-0.000890813685021	0.0904123613434
He	0.0632435822288	0.0736537447125	0.0307359813553
He	-0.0266410318953	0.0363404955706	0.0340477738469
He	-0.0337692834105	-0.00756228782632	-0.0452719222602
He	-0.351476389566	-0.0107802861517	0.186388502712
He	0.0151683516312	-0.0306225699879	-0.0776777184078
He	-0.127414851204	-0.054300982689	0.0316352313346
He	0.0702452734805	-0.0430070178689	-0.00567865295729
He	0.0647580228546	0.00903596821787	-0.00550079581923
He	0.0684000813069	0.0175541479072	0.0403394487399
He	-0.0450002210942	-0.0668808028766	0.0254938737508
He	0.0706839622196	-0.00884670715133	-0.0577992094347
He	-0.0465418937809	-0.00736844843134	-0.0185552565709
He	-0.0225793628772	0.0156390617997	-0.0249353265589
He	-0.147025395987	-0.102918295261	0.138519444485
He	-0.0309399964834	-0.0360350545492	0.000904840419185
He	0.0163777098591	-0.0294969601688	-0.0142874850551
He	-0.0268987461498	0.011717887495	-0.00365044515516
He	-0.000447883136546	0.031705005671	0.0160170283386
He	-0.00438540023981	-0.00888849802643	-0.00843650159756
He	-0.0726385903276	-0.204360948528	0.186327194616
He	-0.0111915655415	-0.0154872854136	0.0349486825859
He	-0.00731873819534	0.11108405124	-0.0300289256384
He	-0.214738098335	-0.337158577876	-0.0691047442781
He	0.00236264217521	0.0341483584209	-0.08848522803
He	-0.0328526789851	-0.0136227904834	-0.058007937292
He	0.0781137278653	-0.0162275606566	-0.019809076617
He	-0.0448095834942	-0.0744613560274	-0.0407836329732
He	-0.0361332751151	-0.0299709187874	-0.0481798931971
He	0.0136584245893	0.0271671534691	0.0203014097276
He	0.00793550863907	-0.00585250724158	0.0366987768525
He	0.102535035581	-0.179600014657	0.313725096863
He	0.0191114751139	0.061177454955	-0.0116623409361
He	-0.0205031449432	-0.0109362178769	0.0229541691688
He	0.0294985092581	0.0742616567711	0.0247528313956
He	0.0500415426574	-0.0662013378535	-0.0683394765184
He	-0.0117904895722	0.03081599289	-0.0146558234434
He	0.0610689156923	0.103677431059	-0.124539956434
He	-0.00226810599969	0.0111221970017	0.0544022169812
He	0.00956148076169	-0.000728715951373	-0.00168474770897
He	-0.0119904982685	0.0224754633352	0.00242797286067
He	-0.113768527717	0.0542008667442	-0.159442280826
He	0.0569989491503	-0.0505857693964	-0.0129657464092
He	0.0152198778304	-0.0133130750533	-0.0110869192144
He	0.168784542397	-0.0628441226783	0.10180901465
He	0.130597009106	-0.106466943536	0.0265783608663
He	0.0197950191657	-0.0542818130585	0.00551207992819
He	0.0409127460864	-0.0252835782143	-0.0642915724112
He	-0.190898521527	-0.331248037179	-0.205870622667
He	0.0549630299924	-0.0523880428792	-0.0360036945503
He	-0.02120921619	0.0196437599392	0.0383671705082
He	-0.0324504965088	-0.0320782339624	0.0159492826242
He	-0.0114901578563	0.0236433922154	-0.0244871684628
He	0.0213454709462	0.0324216539697	0.0103956626262
He	-0.123025293957	0.0368798225195	0.110963932709
He	-0.0242565373254	-0.0263971885134	0.0603830920748
He	0.0153760199157	0.0106791175775	0.0223141800118
He	0.00293508527451	-0.0157318011604	0.00240326911669
He	-0.013309306943	-0.0159261540456	0.0296021984187
He	-0.0642432114344	-0.0510322329954	0.0644809346233
He	0.147185976213	0.0107333826493	-0.060506593366
He	0.0103096052875	0.0418270093473	0.00150003592761
He	-0.0255808979626	0.00479826447171	-0.131016655849
He	0.0357680643044	-0.00236574958044	-0.00575190349414
He	0.00877670835161	0.00718082859336	-0.0264979609699
He	-0.0109725451758	-0.000446156440466	-0.00629070289079
He	-0.00262949823933	0.0127823288837	0.0209101741921
He	-0.103582565897	0.0581310516048	0.0573106165304
He	0.0122565148218	7.83897306829e-05	-0.0134476441334
He	0.111248282129	0.104214291961	-0.00304280877376
He	0.147916409453	-0.0748912849173	0.0126039884149
He	-0.00706823545044	-0.0296368214193	0.0116328096805
He	0.0236463071452	0.01191705396	-0.000575104830075
He	-0.0318121980926	0.0636675637713	-0.0196714494519
He	0.0338286558379	-0.00190370002314	0.0429088256946
He	0.0822891530607	0.0365734272327	0.00883215366315
He	0.050069847538	0.0287151173692	0.106388903307
He	0.0348215939793	-0.0371448782668	-0.00658959888174
He	0.00351923589431	-0.029694052728	0.0232166789003
He	-0.0327899690296	0.0405386054892	0.0369671120557
He	-0.0726298634085	0.0044312175202	-0.17092126405
He	-0.202353864669	-0.167123623111	-0.022527162421
He	-0.0345804149085	0.051406916167	0.0378387960869
He	0.0423735985174	-0.0181807868591	0.0110316131066
He	0.0103958555642	0.0182347947741	-0.00919777516724
He	0.00753517263215	0.0283845569791	0.0211705308344
He	0.0793033798742	0.0398366489274	0.00794819127224
He	0.11735929091	-0.0645817295914	-0.0455447929871
He	0.0477277995959	0.0479980795639	-0.00266731812233
He	-0.00573340948281	-0.000290503214124	-0.00871176914255
He	0.0137264917102	-0.0857095357646	-0.0303673237944
He	-0.0423383887079	-0.0254899268304	-0.0431398839094
He	0.0289942994412	-0.0562942043119	0.0661799712685
He	0.0477981890095	0.0183867131733	-0.0234411710517
He	0.194724219947	0.143292942463	0.0697549941361
He	-0.122412207549	-0.00131159839705	-0.0258382315821
He	-0.0750627038513	0.0516309247046	-0.0288837999042
He	-0.0396609282706	0.00858375126572	0.0115400909094
He	-0.037168622193	0.0579419495331	0.0954640880963
He	-0.188645551357	0.100004738551	-0.0406739636118
He	-0.0154242987746	0.0245325447183	0.0171013776816
He	-0.0147275327139	0.0161296376168	0.00394995417995
He	0.0330028191437	-0.0551768585218	0.000247581730064
He	-0.009052469888	-0.00405897572662	-0.0242634422771
He	-0.0630607581285	0.0551520387896	0.0724719848815
He	-0.0386622799462	0.00223210392592	0.00935231849497
He	0.0249890052168	-0.0431973217805	-0.00154030464882
He	0.0340123543701	-0.00869104770103	0.00122571082888
He	-0.00685036426123	-0.010352207422	-0.0412046466903
He	0.0168250912416	0.0942608996789	-0.0209090396961
He	0.0435544127018	0.00605376124672	-0.00476779764743
He	0.0477477519485	-0.0022637592398	-0.0390699037778
He	0.341251121468	-0.0135860165217	-0.206143006902
He	0.0558261931553	0.0874543111361	0.0156360598068
He	0.0167134445392	-0.0208950688891	0.0207287631756
He	-0.181821973417	-0.0314702798692	0.0933923989188
He	-0.0303343438369	-0.0360996291665	0.0140450012187
He	-0.0143949775499	0.0180791523063	0.0127927851186
He	-0.0141718678351	0.00125473485867	0.0158628549446
He	0.0522775880595	0.071416979309	0.0213163347884
He	0.0175916135868	-0.126007212688	-0.415612470915
He	0.0616021040267	0.01393916344	-0.05039898279
He	0.100332014597	-0.119750104761	-0.108264593467
He	0.0131627966656	0.00815251090919	0.0431234180536
He	-0.0133241771607	0.0164415868096	0.0238497383249
He	0.0144377620914	0.00322594362456	0.0101220306364
He	0.00873024942659	0.00851434088557	0.0106098867405
He	-0.0456672585186	-0.024436965623	-0.034228260707
He	-0.0249662317312	0.0185018128906	0.0228418739972
He	-0.0279820871941	0.0987296197978	-0.0618171652975
He	-0.0236716861563	-0.0179066806002	0.161851806216
He	-0.0369771157519	0.0199146669516	0.0134019249463
He	-0.0174549447011	-0.036383930979	0.020656588631
He	0.462406823525	0.152172911553	-0.164332013189
He	0.014446854428	-0.0143323562828	0.0877533178685
He	-0.00485951235529	0.00417422026856	-0.0342985154341
He	-0.085257694297	0.24829340928	0.0342388786419
He	-0.0310934520788	0.0084307229764	0.0242994629423
He	0.0274630802515	-0.0189371109954	0.0401504004776
He	-0.0179042820915	-0.00754235067626	0.00951192011641
He	0.185915040631	-0.0437435647574	0.232475052763
He	-0.0187016073445	-0.0533220443309	0.0211632274668
He	-0.0236991878839	-0.0573769043419	0.0542023970131
He	-0.0687719538366	-0.0893573844876	-0.100585532365
He	-0.0420561671316	0.0108477197497	0.0167978697821
He	-0.0614798382651	-0.131713871657	-0.105750358203
He	-0.161691650791	-0.0372500063823	-0.0785090021817
He	-0.0191324401987	-0.0100896591739	0.0120305233131
He	0.0514779882299	-0.0100114235865	0.0149433861541
He	0.0116361691362	-0.00323856865623	0.004542023532
He	-0.0364770330402	-0.0666777038142	-0.00337331228413
He	0.0377315455532	0.0153283847949	-0.086727607992
He	-2.71045820821e-06	0.0370903951754	0.00300470314888
He	-0.12981556422	0.0357369872984	-0.186131426579
He	0.0717771591467	-0.00335437766521	-0.082026582704
He	0.0102049844329	0.0591972470633	0.015628748261
He	-0.0957247306673	0.00542580424322	0.0505862983404
He	-0.00698822968822	0.0294894886228	-0.00846392398209
He	-0.00267475281717	0.0328198274335	0.0341150410983
He	0.0457891898787	-0.0315405087637	-0.048634428951
He	0.0340976520629	-0.0197544313333	-0.0168174307327
He	-0.0199962048276	0.00490195160299	0.00600534970352
He	-0.00561005729584	0.0204299544023	-0.0140095233814
He	-0.00596356190393	-0.016041592164	0.00525605106556
He	0.025699810445	0.0124223701697	0.0122484343973
He	0.00321446747399	-0.15807850086	0.0817190909494
He	-0.0267813308855	-0.00109907153477	-0.00499844891169
He	-0.0469208490798	0.0189823633421	0.0296240514448
He	0.0287974303456	0.112141155019	-0.0449398484943
He	-0.0339666706514	-0.0700824172327	-0.0716950090551
He	0.0235079421097	0.00332264397419	-0.0142056776073
He	-0.021617179045	-0.0232044275779	0.0110543688563
He	-0.0942251232938	0.0476005779137	0.00346959530192
He	0.0169858618336	-0.00819372108249	0.0204530013353
He	0.00108258112116	0.0348926465956	0.0273528869665
He	0.042540807216	-0.015857334989	-0.076156393771
He	0.00561847164594	-0.0160449308484	-0.0588765670131
He	0.0129024434834	-0.0343269758978	0.101930460135
He	-0.0241570353374	0.00824659629452	-0.0212312125481
He	-0.0632758173756	0.0105156139619	-0.00147324051222
He	0.0215979516601	0.0497795009678	0.0647074915569
He	0.0468132139374	0.00514366018301	-0.159526972996
He	-0.0309126893056	0.00855471251507	-0.00915330139783
He	-0.0273274181292	-0.176776877071	-0.0191476161076
He	-0.0152902731082	-0.0122865691988	-0.0133793794149
He	0.00242783908777	-0.0381345610644	0.100833754011
He	0.0198863041788	-0.0116900973402	-0.0257606488357
He	0.0167690535397	-0.0678610775845	0.0065189242146
He	-0.016766927576	-0.0190242436683	0.000650754869186
He	-0.00718444651827	0.00314106132195	3.50787628378e-05
He	0.018387893458	0.0213845437728	-0.0270688396721
He	0.0119816033309	0.0362755530621	-0.0856976281273
He	0.0630345075779	-0.157035709095	-0.0443548816451
He	-0.000320758319511	0.0194818791271	0.025235290548
He	0.090293231556	-0.0223553404211	-0.17939378656
He	-0.0867742884647	0.0760250672968	0.0440050669794
He	-0.0341073795387	0.199181510816	0.0559029365454
He	-0.0518899919276	0.0355815530193	-0.0418576062691
He	0.0238204568891	0.0457074023441	0.0339440271203
He	0.0113916519092	-0.0418029256186	0.0306994073722
He	0.0122931587012	0.00870728819941	0.00851006189555
He	0.0542351683535	-0.0135136876296	-0.0588138419149
He	0.00389087604779	-0.147864386427	0.136015990722
He	0.0123953095312	0.00728775697923	0.0275713670224
He	0.0285647388357	-0.00813585694182	-0.0195274325794
He	-0.157597613068	0.0823753427975	0.389455667589
He	0.0328272024272	0.0321015892683	-0.00579857072813
He	0.003287589918	-0.016688605	0.0170026807171
He	0.0216269513646	0.0292741253537	0.00524572894271
He	-0.116058639641	0.170540262326	0.0388357955797
He	0.00183991734062	-0.00993559257823	-0.0287025457888
He	-0.0070714848291	0.000305914621146	-0.000592996224866
He	0.0179526830808	0.168771103613	-0.11718192627
He	-0.0701841242471	-0.102906083099	0.107855509586
He	0.00613555020993	0.0222853500884	-0.0177599367617
He	-0.0512242805249	-0.0924477477481	-0.0316374562266
He	-0.0910280963393	0.0867234730746	-0.116719959139
He	-0.0208051990499	0.0171878904548	0.00658668606243
He	-0.00741220578936	-0.00904281563114	-0.00492549869953
He	0.00396473778849	-0.0075028940353	0.0118923350266
He	-0.0730258028951	0.0890693805658	0.0492199497203
He	0.0379002383497	-0.0169931592694	-0.00472201859827
He	0.0895401801795	-0.0519744006546	-0.157213155946
He	-0.0523841129497	0.00184785428337	0.00411452300902
He	0.107094862344	-0.043965168355	-0.152349706372
He	-0.0174023096301	0.000826623570468	0.056015221476
He	-0.0806802667839	-0.0355135552707	0.169102605571
He	-0.251507101876	0.265354393648	-0.595143345677
He	0.158566845024	-0.22917510111	0.359906941965
He	0.0159250762412	-0.0408067453852	0.00844136223765
He	0.00210402570976	-0.00090050780121	-0.0285666657874
He	0.0397316279718	0.0078138280667	0.00654841908511
He	0.017608135114	0.00424141569254	0.0345201631239
He	0.00713462013813	-0.0305600044725	-0.00360175515911
He	0.0748762560457	0.012005806816	-0.075253433458
He	-0.0302738873719	-0.0409245391161	-0.0226135905628
He	0.00594589290838	0.0215281135379	0.00455318177396
He	-0.488662090546	-0.0394526694035	-0.140094319249
He	0.0109272591914	-0.0586501506003	-0.072907780907
He	0.033193410196	0.0159624901089	-0.0413885212207
He	0.00233240685372	-0.0231265256807	-0.0293963534004
He	0.0263933211834	-0.0573242128989	0.0803421837451
He	0.227234233848	-0.16189762074	0.0569940069099
He	-0.0226025697183	0.0021449332718	0.031454714842
He	-0.0695057249842	0.0188177241339	-0.0376434607403
He	-0.000625034491907	-0.0242996200084	-0.000367043808146
He	0.0241046924179	-0.0902376851876	0.00180779986493
He	0.149415619979	-0.183016573266	0.194180584718
He	0.00535403335262	-0.00651164547328	-0.00653206955394
He	-0.00151973801571	0.00275778173988	-0.120757261824
He	-0.104218960064	-0.0987097625109	0.0402252413263
He	0.0406175557943	0.00439847739281	0.025428914267
He	-0.00173454158367	0.0223243591306	0.00963276486176
He	-0.163407755936	0.0892197426628	-0.0048733138729
He	-0.0415585979742	0.0645530765581	-0.0841369620366
He	0.0268515969799	-0.0722805834015	-0.083975453802
He	0.0180372456862	-0.0279197455727	-0.00683928764061
He	-0.0346620597689	-0.0229175683526	-0.227351930165
He	0.0250145768386	-0.02610674097	-0.0895370603448
He	0.0674537491737	-0.0942121862608	-0.100626109924
He	0.0400462265217	-0.069202660476	-0.00125162234944
He	0.0130188865482	-0.0142700695591	0.0109418124418
He	0.0444914213737	-0.122812370812	-0.0409278602329
He	-0.0018026649325	0.00513592858792	-0.0160769216679
He	-0.0228103437289	0.0168615643129	-0.006161417413
He	0.00942577250723	0.0258701531997	0.0801687987594
He	-0.00729621929918	0.0198146537036	0.00727385664278
He	-0.00133706722548	0.00342945689576	0.0172126927898
He	0.0506053546165	-0.00293423354386	0.0550524655514
He	-0.0143113048442	-5.20335518164e-05	0.0192562281789
He	0.188882465975	0.0957692316964	-0.0487887033902
He	-8.69342602624e-05	0.0797452782607	0.05352855703
He	0.0866486670239	0.0476601304539	-0.00589627770405
He	0.0996312673044	0.00596275129038	0.16763896788
He	0.0125651313538	-0.133579732927	0.0366991754411
He	-0.00364157762126	0.0279126654114	-0.0256242698272
He	-0.0136794560295	-0.0349786893055	-0.0350429139744
He	-0.361456771703	-0.0682858497629	0.158943615697
He	-0.0280612434487	0.00124965663698	0.0099637417316
He	-0.029432053353	0.00712612110287	0.0135856633628
He	0.0220345703792	-0.000982378419066	0.0128097168175
He	0.00712205916812	-0.0236520382222	-0.0176021915903
He	0.0275379712921	-0.0263854410052	0.00310407577549
He	0.0133031579798	-0.00275773157763	-0.0336238689648
He	0.049118349558	-0.0887057001992	-0.0367896110476
He	0.180125353037	-0.101159013322	-0.00988205416917
He	-0.036966181415	-0.0079112454788	-0.00736209832003
He	-0.0612118866182	0.0182308106058	0.0214605204469
He	0.0150853594466	-0.0379664030409	-0.00640390816367
He	0.0733852199219	-0.0480135962926	-0.043167194386
He	0.0320971698638	0.0338073468341	0.00119178533273
He	0.0126403593015	0.00923959623378	0.043789269261
He	-0.0107885326987	0.0124041374478	-0.112603122161
He	0.086155031946	0.0971693344363	0.0489608810904
He	0.0171317659388	-0.0136923857932	-0.0402634140877
He	-0.0430418286869	0.0139227599987	0.0239561934598
