0
0.515691
1.32993
2.14141
2.79877
3.52607
4.29871
4.99877
5.75545
6.42637
7.1182
7.75062
8.37489
9.01664
9.84347
10.5027
11.2773
11.9554
12.6477
13.513
14.3099
14.8322
15.3121
16.0381
16.7224
17.2261
17.9092
18.6294
19.4581
20.2001
21.141
22.0733
22.8569
23.5448
24.3155
25.1772
25.9518
26.6518
27.3043
27.8416
28.2658
29.0508
29.8418
30.7179
31.4644
32.1616
32.8009
33.4923
34.3489
35.315
36.1354
36.8454
37.5766
38.3568
39.0873
39.8741
40.7779
41.7947
42.5112
43.3837
44.0563
45.0019
45.9789
46.8505
47.3354
47.8873
48.5193
49.0125
49.5326
50.2749
51.183
51.9447
52.6003
53.3392
53.8262
54.1552
55.0394
55.8256
56.1727
56.848
57.631
58.907
59.9061
60.7601
61.2996
61.8776
62.7169
63.317
64.3063
64.8103
65.544
66.8888
67.8622
68.8727
69.6817
70.5679
70.8533
71.5679
72.0181
72.7747
73.6376
