STEP 0
He	-8.96402092864	0.730148661035	2.45293509543
He	3.25650301504	3.88821430651	-5.52852121882
He	2.67136499959	0.641617314165	3.08150225367
He	0.96708133891	2.91144411946	-0.545349107152
He	-1.8119481602	-7.4479705946	-0.290240786411
He	-5.01768308491	3.51307516851	-1.99983114659
He	7.74890378102	-6.93049411544	-5.86616106381
He	0.360473429181	-1.91640753035	3.9794210946
He	4.34878575537	1.77568556639	-1.50333422449
He	-0.970738797042	0.0266012808066	-2.98854542085
He	0.911400827034	0.16367317914	-2.42790151922
He	1.62776269696	5.34799463338	-1.59209655079
He	-8.65540077592	-0.768785577777	4.8255177457
He	1.70444419541	-3.72211945389	-1.13664218665
He	1.58746857686	-1.46269143644	0.000310175418714
He	-2.67172672884	-0.555779502006	0.416343595295
He	7.96943620688	0.0179503071986	5.20552673707
He	-7.54214279207	1.78063677517	15.4761710637
He	3.66062882123	3.4342515474	0.976279273493
He	-4.15902331437	-5.11561940785	8.86162448045
He	5.20816431258	1.23608157502	-5.88905340407
He	2.3487427875	3.48832229886	8.91850973969
He	-2.76867386469	-10.3731304568	2.24303685647
He	-2.17812180059	9.72144291141	-3.3452951687
He	-3.70002611382	5.09739579742	0.702353093522
He	12.7313985714	-5.0990267364	-1.35679717951
He	8.09822613644	-0.598751166085	-3.08230032181
He	-4.20290867333	-0.298598107913	2.0549260184
He	2.18325599229	6.47264379906	-0.884404604165
He	7.74251426927	2.18459302293	-6.40055616076
He	-1.10879580765	0.366935058734	7.17257816719
He	-3.42169461504	-4.06420552011	-1.01213394489
He	4.04001579986	2.18122954487	7.39573546513
He	-6.00398053766	-0.298619702	7.86833891478
He	0.892243682402	-6.97432900709	-3.29843268528
He	-8.01243365652	3.18852976028	-5.99076722472
He	11.094203394	3.67852519397	11.323119467
He	0.301163560555	3.05119101455	-0.580298644445
He	-1.0350419318	6.49586588451	-6.68666520463
He	4.05708461454	-3.2746305189	-7.20726512522
He	2.96283077583	6.64915107066	-1.00316323863
He	-2.04280086168	1.46614186723	5.12100842678
He	-4.51739824033	0.790565809085	-4.70266303235
He	-9.06384782799	3.55909293707	-1.83709628041
He	-11.4069314855	2.24425110822	6.32161648464
He	0.847325477215	-4.71161307169	-2.23507023971
He	1.11778953702	-7.67229787501	6.95957720647
He	-1.40983548162	4.64323388888	6.2003521724
He	-3.62515436666	5.84426673724	7.84547820333
He	2.52513835937	-1.75235763084	0.679815132154
He	0.803119419185	-2.56465715859	-8.62334651874
He	-0.0355834288645	2.60231576624	2.48032308371
He	2.08893771214	-2.12078895919	-1.85125453382
He	5.88145702064	2.94273401997	-1.15442796062
He	-0.633707651056	2.49834902195	-3.0332105544
He	-3.75373597348	5.92059627329	5.34796761205
He	-6.32079346373	6.67937428632	-3.29966839798
He	-5.00657331819	2.13199159318	1.95404529567
He	-2.65551061144	-3.12620184375	12.3460558508
He	-5.66778764604	-2.27074376431	0.06876646286
He	-12.3311954295	-4.36547191233	-0.542049211837
He	8.41261216652	7.72407453085	-4.11467830538
He	4.62812320111	0.453214972325	-0.555545559474
He	-0.527053599874	7.05585718051	4.69199621241
He	-0.545223749513	7.55754692255	1.23231251094
He	3.08860925976	2.57678241075	-0.157637166971
He	-2.41631112108	0.353928474003	1.4532305305
He	-5.36287039772	-1.20310387768	-0.395227455501
He	1.48741658496	2.14912518449	-0.547256635006
He	-1.13315141897	-6.42863027054	-9.78357246897
He	3.42968059973	-1.54478293799	2.19890045625
He	2.06158746948	-6.15412002967	-1.61075039305
He	-8.30664877888	5.71999448734	3.94329344235
He	3.40766316486	3.73158346383	1.49572363868
He	-2.59308959298	-6.20778209847	-3.06172248153
He	-4.70967447786	-0.457448016872	12.6319842827
He	-12.1764777021	-8.39409453806	3.08000383948
He	-5.48047044659	5.4336682579	0.105887499104
He	8.61059685012	-3.79354150273	4.37481444221
He	-5.95722875345	-5.69337342884	-6.86206961782
He	2.67230180114	7.40191401445	-7.09658026544
He	-0.93955653829	-1.936480525	-0.616839358874
He	-8.23910706291	-3.43095735004	1.35251161968
He	1.9699190262	5.06786412294	-5.50516103981
He	-1.30782720727	7.45197251673	0.000192949138319
He	-8.45113238235	2.94474667423	-4.8616391638
He	1.83503953028	1.99053967273	4.23692702689
He	-0.883724034119	-3.24561182082	-1.91379327229
He	5.50893554228	-1.99744258012	6.68578499019
He	-1.59016219983	-1.97504088761	1.03199037534
He	1.08684104989	-1.8633935582	2.86808846843
He	0.282247578442	-0.824775978633	0.903504970253
He	3.38525290959	3.77102640865	2.12305904176
He	9.20238532657	-4.5690127738	-1.33733809576
He	4.00671129526	0.972163872473	-2.65850751444
He	-1.95082561304	-5.15558189115	4.98906156131
He	0.628316493195	5.97241250868	-9.53850079533
He	-1.95352975717	-0.445019587063	10.8681227513
He	-6.46470368782	0.670351765644	-7.28189482649
He	-6.87522869995	-7.70822244798	-1.07759594937
He	-4.54594704242	-0.659432336158	3.7487510635
He	6.98906782085	-3.57605248381	-0.750079851233
He	-8.62486012015	8.45850800013	3.8119735263
He	0.228025476632	-1.76442297418	-1.40345140382
He	-3.17453924685	-0.74534874427	-7.98495894223
He	4.04641292108	0.456426340279	6.2843597916
He	-6.33590082498	2.17653727638	1.15551088849
He	8.30134958089	0.21052474519	-4.76224643215
He	-1.03631392526	-2.77779286376	5.35767217169
He	-6.46406245553	1.61537686227	-3.40103700018
He	0.161636790902	-3.82141958357	3.80955662229
He	2.14616443374	4.80939809261	-1.49720654999
He	-0.738081931199	-9.29185279235	-1.73874241732
He	-0.607051007505	1.1353230635	-1.74452730631
He	-1.86447024347	-8.87509968411	6.24956947261
He	6.01900617801	-5.76563383207	-4.03563179766
He	0.850356756756	-2.79563092679	4.12907249038
He	-10.0635303994	2.30432166969	0.693727579695
He	-3.84371069663	-4.62778467785	1.51393963283
He	-7.12517043536	-0.319202598219	6.41935978399
He	3.5097030617	1.7266243419	2.05022144177
He	-0.609168763218	2.94959204937	-1.52385854546
He	1.56786599743	4.24095587742	1.83218368865
He	-1.85546061277	0.157304370525	0.791243451893
He	5.53066608881	-7.46266162283	3.39499099578
He	-0.455679221372	2.97240641142	-0.697972202356
He	-0.106800280744	-1.38945123878	1.62015095832
He	-6.64990563481	-13.3693431819	-1.98209969009
He	-0.20437807031	5.79587190675	1.55072096466
He	-7.63244166526	-5.00285108796	0.44600436458
He	1.28666936153	4.78117759763	1.88446529523
He	-8.61402515312	-2.21761128947	4.5967736094
He	-3.43688330266	3.01775889951	-1.59949259722
He	1.84379729568	8.14487110879	-5.59202026023
He	-8.83024349784	-3.58953502608	-4.31185845279
He	0.190614416452	-0.317852907058	-0.849171149462
He	-6.79394729004	1.54721479486	0.905749018439
He	0.738786900864	0.0596955657706	-11.4323655
He	-2.14374127388	8.6380234073	-1.94537307642
He	5.21683791123	-0.352104936019	4.99081924984
He	1.57327890815	-5.71809554287	-7.21432373406
He	0.604400581802	-0.124226460206	13.2406208153
He	-7.39272770591	-1.47097301127	-0.533022684064
He	0.245159663157	0.907901272124	4.08839351542
He	-5.00883731046	2.33734165618	0.988665277863
He	1.53972259963	0.546057654222	7.54723119421
He	1.47647862375	-2.04537273655	2.452030313
He	-2.29258224486	-1.42228566098	3.46267993121
He	4.15969962491	7.54727030342	-6.45280334209
He	2.9608985138	-7.42089236314	-7.49850313913
He	7.19993117604	4.07877220364	-4.04475819369
He	-1.95247168773	2.42794372449	-10.5113657567
He	0.312557259423	2.4455925229	1.24178987885
He	-3.07637247818	-2.26148357451	-0.990874495184
He	2.00398331059	0.387654765075	-11.8494940802
He	0.895153687764	-2.30647275464	4.55877238552
He	6.74180694249	-13.139436377	-3.53122780135
He	7.9910309282	5.62683328728	-14.2704755268
He	-4.48987294338	0.141282257958	-1.83220440525
He	-0.711028368724	1.46764944642	-2.36154499954
He	-0.479828815651	5.18849982488	-5.96331061617
He	-2.23973156003	0.989059516467	-3.81212798623
He	-2.79246140846	2.9692415095	2.56521727948
He	-5.84529100529	5.08315022681	-0.561699107047
He	-4.29154195339	7.0546734276	-2.76113072577
He	2.53135357159	2.10683225176	0.601950608062
He	0.112703369702	6.50637641301	0.0557372038257
He	3.29367401268	-0.645592267692	3.3711440518
He	-2.0473360719	3.61128872606	0.276442932403
He	3.60572742088	3.24172326395	0.969267561784
He	-0.312606004023	-0.435262073202	4.38998816967
He	-3.64639667707	2.23599616736	-3.63250603976
He	-3.0249019437	-3.13697100188	-2.85600248833
He	6.71085717147	-2.94513217986	5.00154997387
He	8.61425631727	-5.38924333576	9.76665900637
He	1.99463571678	-1.3535811148	0.691608444142
He	9.38453402408	-1.94616997578	2.82643451731
He	8.42289680563	-9.55439840956	2.34359150792
He	-7.74311982534	-5.44629992752	-1.76108638119
He	-6.15146096621	-1.16873933237	-1.84070068801
He	2.8034020006	3.33781151433	5.85302778157
He	3.95357906842	-3.71989948575	4.64308868622
He	6.95671350199	3.70644211222	-10.6471422946
He	-0.502507144599	0.533302932706	-2.44918088556
He	4.31605320112	-3.26476984282	-3.46777262729
He	-7.21613832055	6.1520907943	-5.05499938071
He	5.14731273705	3.18597142872	3.57521087256
He	2.8205297845	2.8324838128	-2.43740525894
He	2.36652607105	-2.35099704656	1.86095163645
He	2.09740086553	7.15106238368	0.0368263678635
He	-2.85567109181	2.26497230078	1.29022492097
He	2.38235938464	-1.49172312587	-2.14103386113
He	6.87564378335	-0.600810603129	5.17454540226
He	-1.72904712211	4.05906518372	3.19936768694
He	-1.70282033923	-1.75398789305	0.300466863882
He	8.79774575364	3.17622913093	3.92496429137
He	1.25093757837	-0.392252827399	-4.5866225809
He	2.41458564429	-1.6181336473	2.76479653899
He	4.53454994375	-9.17787801526	-0.602350396986
He	8.00698541278	0.205579589295	-5.74295707483
He	8.9203786092	-7.39708458372	3.07460610891
He	-4.22815654946	0.339680224277	4.86800180675
He	-8.30709634549	2.39294100578	-0.422297341496
He	-6.76457106327	4.16618487134	4.72215868535
He	5.19368276468	-0.385496797277	-0.694276250912
He	-6.24489047979	5.77259133521	-4.31780670538
He	2.55223599139	-8.4057074369	-3.6795754388
He	-0.874049731753	-0.881730290551	3.48891217012
He	3.36643521465	-1.14861702713	-0.385048753965
He	2.64265047391	9.00163213319	-1.46587464081
He	-1.34698725389	-0.606958077036	-5.84909492935
He	1.62847696252	3.76532658213	-3.65951034047
He	5.35184625889	11.1976877568	-1.8129057622
He	0.0763476875322	3.23465827981	-5.08083037871
He	-3.15220170718	-5.85982538669	-8.79338382222
He	-11.5288033724	1.06289567841	8.09042606155
He	-1.31065920078	-1.81749515667	-3.70053668206
He	-8.01038939759	6.1495679832	2.54376088174
He	-2.06164157129	-6.93536842416	0.732758957517
He	-1.59549555211	4.48816701383	1.10313565067
He	-4.30039900656	-3.8438943483	5.51588672273
He	-4.58142091749	-3.57911298584	6.74678658217
He	4.71702696016	-1.91851338313	7.45849807361
He	-5.41462056892	-2.14046486693	2.66575814285
He	-1.45807660257	-1.35399942372	1.42005182989
He	-0.480456441436	3.4604545291	-2.59197874005
He	3.98497910716	-4.78801627361	8.21234957435
He	3.8411810279	-3.58435341416	1.81861679666
He	3.2181196925	4.75648110256	10.2862769061
He	0.101838365404	0.283424673629	6.16621632839
He	-1.33887907121	-4.12144904204	-3.08488204726
He	-7.28422330877	-1.79263380275	3.87023421339
He	11.685568972	5.06353719128	5.24359710117
He	5.36790518904	5.9593192915	0.553749015527
He	-2.96944100286	2.11245988208	-12.2886521809
He	5.92911844393	1.90287111165	2.54425815821
He	0.310490710808	-1.64316068817	0.074491333202
He	-4.32431610862	0.172236457332	-5.60696463104
He	-0.349666221411	-0.489017277368	-3.68398999088
He	-1.8586792231	1.95852877054	-0.814178726853
He	-8.49085452646	-0.333187654713	1.14822029476
He	-0.674788051267	-0.630963070087	2.21782052747
He	-2.3080947451	4.19541278488	3.82870755321
He	13.8735595592	0.995775051006	-2.57020300104
He	-0.694953310973	-3.21463860135	-13.3926539273
He	-0.0759400786579	3.58218283356	2.65973850319
He	-4.66731164659	-1.27551595502	8.52659362999
He	4.85178379248	-9.76360702222	-3.79543292389
He	1.82938146061	1.43536233246	-9.34341884818
He	-3.48196801866	-5.05615764086	-0.678017972783
He	0.640346744734	-10.6574358197	0.894974575978
He	-0.617907466122	1.55893506342	-11.4316948789
He	0.626042759218	-5.11019641647	-5.82743213647
He	2.77737999108	-4.80958201362	7.23503080633
He	8.2333303593	-6.19917768712	10.4147341431
He	-4.00002108566	-5.3119690858	4.08459116081
He	-3.81752795075	-3.52448044053	1.04191160312
He	10.3360707537	-4.18441273738	3.14102063451
He	2.49345712105	1.76164969257	9.83576756256
He	8.35635584915	-1.73530290906	4.19509645059
He	-5.86180562977	3.09232377151	-1.96934932977
He	-0.7267108715	-1.49464958536	6.5121489528
He	12.2550162858	-2.69332655011	4.91618687034
He	5.97949841826	-2.73860283379	7.75241634611
He	-2.66971878701	0.861991453168	3.22965220929
He	3.70608969424	-2.70412449164	-0.240268278664
He	3.65120569744	1.53719649547	-6.5608444271
He	1.60510884405	4.19015263232	0.876640323386
He	-1.92458177526	-6.52885305822	2.51041212249
He	1.09398490549	-5.8667327717	-0.379148973284
He	-2.23883149106	-3.11630278617	-9.99742375568
He	-3.51655201825	-3.5977697662	-2.36732535632
He	-5.18736670838	-5.8986088507	-0.143718121972
He	-2.53580509947	-3.51324983055	0.765238738647
He	-0.648034237404	9.0053738926	6.49922093671
He	5.57515466548	6.04146458121	0.704837435028
He	7.04667528108	5.21477982872	11.3019551297
He	-2.32266276954	-7.98069127322	-2.63109929476
He	5.50861258186	-2.80147811842	3.7182516558
He	-2.9963091202	0.847291424496	-1.40921981993
He	-5.00366097879	-0.690462598592	3.37855461084
He	-1.09762291795	7.13409576453	1.09971809181
He	-6.73803071502	-7.43785471315	2.1497642203
He	-6.0294971299	5.94479949088	-4.59876934424
He	6.96394716851	-4.09025502043	1.47544925262
He	6.70470274137	2.07773812528	-6.23299222248
He	1.57618475284	-2.09334022529	0.529397568342
He	-3.21683235846	3.32510214887	-1.64817874971
He	1.92537627149	-2.15995241194	-1.44758694478
He	0.823441313902	0.620716110121	2.73063732977
He	-2.60680638715	-2.12712982379	1.49928182833
He	2.99965156814	-6.67835630112	-1.19211243389
He	-7.69885243302	11.3355580917	-4.73454107899
He	-3.64274326592	6.51918876347	1.85177066547
He	-8.91162756587	0.48019938188	-4.18884088756
He	-2.23997619647	-11.232842241	-0.0954098409477
He	4.59182703596	-0.0511132266215	0.179665210244
He	-3.86801742629	-4.29674771849	-0.0797014120248
He	-5.59963623798	0.00389057730007	1.07254044848
He	-6.9642745442	-10.3381137618	0.458316105973
He	-4.81400386676	-4.2590513438	-0.464386269898
He	-0.90595818854	-2.59670585352	0.220524523497
He	-6.14700429144	-3.6749800177	-2.00212705016
He	2.99097311944	0.463869654624	2.21172624233
He	5.33726403844	-2.22417829388	-4.1144163081
He	6.92442153969	-4.62328172006	-8.35505973577
He	3.73377828095	1.35895849186	-4.05957017048
He	-7.26046712538	-1.22184555867	-4.16950420503
He	-5.74946045228	6.33509559546	-8.09129372005
He	10.3339083981	-3.77626587775	-5.29828376998
He	1.9828692786	1.01438076068	3.1012558227
He	2.0132460318	-0.892550338553	-4.79223926311
He	0.0791467696478	1.44880568466	-5.22611875292
He	0.778076483132	0.240960356323	-0.32164839182
He	2.8422832112	4.85294556953	8.3146218632
He	-4.9322216944	-3.33292518793	-0.242244251085
He	-0.302430071922	4.6569530864	6.65918237609
He	-6.75213787208	-1.69048554919	2.95583476918
He	2.82613886603	0.224070373241	-10.1513524968
He	-0.457774844787	-4.06849950945	5.95675935759
He	9.66951198557	-5.72780206827	-2.60401291945
He	1.25833988932	-1.0966358741	0.412036637145
He	-0.201984247908	-2.71262087108	4.42726927216
He	5.4343812631	-3.74788024848	-4.11451007311
He	0.231640527748	0.903993400038	1.17247966094
He	-2.87272460905	-3.18655785509	0.67502037476
He	-1.70437208093	8.35717698367	0.402525964227
He	0.484638388238	-5.11286420162	0.92516529839
He	-2.29029249162	3.73405025057	4.83232647849
He	2.54027028411	-7.40606763832	-6.49102483167
He	0.901228259303	-3.24893869512	10.1322487277
He	4.89058267376	11.9485781688	-8.21598404315
He	-2.27237803026	5.25646339264	-4.7948602738
He	-6.5379297548	-5.48008459184	8.85014316841
He	2.21294310674	-0.579570806894	4.0609104561
He	3.21615492963	-8.11783913579	0.454665405731
He	-5.78406998451	-3.7184334664	-3.92078910837
He	3.36122971434	-4.62251747081	0.242141850851
He	-2.82972620053	-8.46038935771	-2.14387847285
He	-6.90686233129	-1.67900227719	2.30918768856
He	4.19604789512	-10.2570719409	8.89469904386
He	-3.92471355789	-1.05412023555	-2.70387058814
He	-1.15315051179	0.426824972487	-11.002752635
He	3.74552604673	5.35352185571	-4.81482115177
He	-2.077377528	2.2297513751	1.05385730528
He	2.84460192299	-4.13666725111	3.266099234
He	7.75241194221	1.96945970146	-7.69683584974
He	1.92211243348	6.105617553	-1.5957414668
He	1.65379535752	4.88359226921	4.47690430074
He	2.65613256434	-3.69488021235	6.29181540829
He	2.47198467892	0.71330322278	-0.0110391652002
He	-3.89417870179	0.892797373449	0.434894452406
He	1.20734709128	-4.9464268353	-3.23922255146
He	0.0279702747114	-5.82170842038	3.59848677204
He	5.8689785458	1.8207967769	2.40418703315
He	0.576313501895	-6.12797673744	-3.79284066314
He	4.96263538838	-8.1635723511	2.27483395658
He	7.83265427468	-4.63638519058	-7.61801186515
He	-4.25614892632	2.49986882588	-4.32837234223
He	3.32417031899	-4.54212146527	-1.72201464228
He	-4.77599680303	-3.35805661111	-1.34133664963
He	-0.798399329864	1.71454630271	-4.57030873594
He	1.04501848467	8.75891140829	-5.60511959724
He	-7.36622105267	5.41197348357	-7.58821698718
He	3.7971603469	3.98873375695	-1.15724109508
He	5.44019994825	-1.13111116289	-1.59086119397
He	2.6890478866	5.41621921703	-4.62226985223
He	2.52025111599	0.570083470307	4.36751258377
He	-7.54133712269	0.788489425697	-6.50517576334
He	-3.45821780331	6.16833956213	4.33015429886
He	0.409367615748	2.34928840422	-5.15170756083
He	2.97022666253	4.28531020724	2.88460138159
He	-2.96323137413	3.10219224709	-4.3636647662
He	5.9261976953	-1.14838424464	8.51439005173
He	-7.55052163759	-3.92097691288	-2.47971031881
He	-3.08374060234	5.58790515489	-3.1803944288
He	-5.66034416871	3.6133222156	-0.151406991618
He	-0.996282331239	-0.079221548796	2.31262166654
He	-4.02843149033	-6.47477619094	13.4129056109
He	1.02203777368	-5.07512144915	0.47978199851
He	0.263065147777	-1.24469077072	-2.23753553443
He	-0.561037262218	3.96144484091	1.04927560849
He	3.18777656868	-2.29941721817	0.519755925564
He	-4.2232629057	0.827012496687	1.19716017858
He	6.1954730628	-6.0942202578	0.692556282412
He	-0.234959274649	-1.97279317595	-1.30504292134
He	2.94723660123	-10.058040432	-3.77118456689
He	-4.4466355437	4.15332969143	0.00511665599653
He	-1.53332115513	-10.4353913084	-1.05623455398
He	-0.633763955894	-2.6978444818	2.51289906554
He	-0.103173948163	-0.888757377939	-0.111814795843
He	-1.18977866798	4.25512164384	1.61786063067
He	5.82537967385	2.47661200097	-7.78803006748
He	-4.73136300976	3.16288040864	4.79675420339
He	-3.84881404061	-4.89457506087	1.48431356787
He	4.33756771532	5.76103341561	-8.25098468852
He	-8.65608454334	-3.82090738474	-3.26954045786
He	-2.84713522609	1.10640141779	3.02046710231
He	-2.03364826423	2.65296885994	-1.66315752126
He	-4.76145378027	-7.62142320636	-2.57909183805
He	0.425808431725	-4.80457727811	1.01525233317
He	5.71803501205	0.185024220924	3.73382051829
He	0.63676731419	1.42010686623	1.78272388777
He	-10.003588987	5.33261688928	5.13278801213
He	2.16590309163	2.58434459526	-3.87985638224
He	-0.302714588039	0.297118710822	-1.28032608573
He	0.979373640169	-1.81720145533	-3.19939346348
He	-6.63266945478	0.754084150326	-9.6011432523
He	5.28080738979	2.45916476052	-1.90338135705
He	5.07099903902	1.44949458751	-2.65863149525
He	-2.95272701979	6.98171054758	2.53786340162
He	0.616180646408	4.98299983179	-0.77785285524
He	0.690567183411	-3.26354338164	-1.87234475449
He	1.07963624355	-2.96775651184	4.52994358154
He	8.48204508732	-8.34167511637	-4.98939895955
He	3.22702632839	-1.67380037397	0.468723932263
He	1.78627181267	-4.00742863506	8.99528038894
He	4.83530888268	-5.00319084327	-7.58804375993
He	0.690327009604	-0.37787315905	0.155293506631
He	3.37009810979	2.33121734036	-9.31320821721
He	5.48551536073	-3.45742237384	1.05439338923
He	-4.72454286828	-8.87451268118	-0.265154481714
He	-1.07610106816	-2.06656010464	-7.81216666243
He	1.07869106014	2.50837646051	-1.04044228496
He	2.6745831117	-0.930343457119	3.40978474125
He	0.836624129692	-4.06337391316	6.95336542449
He	-3.14808231499	-3.56860714508	-6.41593095033
He	-9.82852279903	-0.338898439491	9.86590061271
He	5.18323832076	1.2499849829	1.76462945278
He	4.88476966609	6.56467679356	5.87146187656
He	-2.64929719403	1.44296946571	0.843965178559
He	7.6061184757	5.54042580215	-4.88652865047
He	8.06278241516	-3.25105721725	0.965271209969
He	-0.0700680505638	1.24497601578	-4.98194322056
He	3.37642030005	-2.84894734316	-0.400813204139
He	2.4388260078	0.139821084794	-4.64356255448
He	1.52457737421	-0.394654438471	2.5342725197
He	0.36177048729	1.68956442712	0.877756160667
He	-1.46032966032	-6.72823799399	2.07108474411
He	5.91654839349	2.32909053106	0.522829280002
He	5.79785491331	-3.4343326511	1.70120032146
He	-4.43552927218	0.239908400315	5.43907643445
He	-0.956251410391	4.02587836751	-0.842449460121
He	-8.05352089814	0.739222045133	-3.13931670224
He	-1.93003158277	-1.73209406652	1.36777999264
He	0.744818344004	-0.667466402929	2.80820755387
He	-0.821632488849	3.5070798909	2.33835192213
He	-5.06520129787	5.28909167635	2.00854492647
He	1.03621242322	-0.0866941500159	0.86286815782
He	2.8515116006	1.90784205252	4.89149295496
He	-1.02922545137	5.31520461803	0.581021033635
He	2.56158589561	-1.70431446967	1.94423292452
He	-0.190915090464	-1.03986894692	2.95432491949
He	0.630927450118	2.31144919039	5.56544576451
He	-3.54112451059	-6.88305402227	2.73768194154
He	3.0588512431	6.88891986549	-1.3055259309
He	3.36243759354	5.38518637461	6.42268765445
He	-6.17527807353	-2.41382018195	1.79725396378
He	0.770366558357	-6.89170725428	3.00341471809
He	-3.4101900608	5.62665336191	-3.02064891688
He	6.9976934068	-3.10630963673	2.09084994065
He	8.27291097069	-9.02647481474	-9.94402006643
He	3.02568491077	2.82355506242	0.789893747426
He	-5.08931396449	-0.805246200376	-8.91615584285
He	1.67360765081	3.44086397555	1.7980553908
He	-1.83401878158	-3.74483698517	7.94073512701
He	-7.24983553513	4.57786082166	2.78759080678
He	2.00585072659	-3.51193533201	6.81797198142
He	-5.86706888891	6.72409945121	-6.85746507115
He	7.77154935544	4.13723461209	0.514225522653
He	5.30389511923	6.33266888366	0.85385464213
He	-1.77518330512	7.24406063812	0.451561707961
He	-2.01178492519	-4.75933755691	1.40580580433
He	-0.242037641157	3.12581016966	-1.95317678579
He	3.42445621893	-8.28443871538	7.05258584231
He	-4.19134180641	5.93624758001	3.8715178893
He	-5.82990288864	6.71135963353	-8.28523671208
He	7.27471211241	-3.8199649576	6.98043085053
He	-0.813581863101	8.29856301017	-3.75309997854
He	1.84750731969	6.27527753736	4.50271185399
He	4.17252393882	-6.7462992489	0.118534497824
He	1.20553021967	1.97248744884	-0.79435514972
He	3.12790811912	-2.07339331354	-0.948704605571
He	-5.3968161187	5.83252807277	4.85833329795
He	-7.70626197391	-0.546271768752	6.67902247409
He	-4.30367484123	-4.7776841075	2.67153969575
He	8.01240305948	-2.18959559386	0.678753908348
He	1.71996683154	-5.27138603457	4.24127358702
He	-5.68602790404	-0.827791541359	-2.27140145733
He	-9.30393443497	2.55974168278	-6.27200591935
He	4.03386462226	0.512108720489	2.58995640402
He	3.88420719026	-3.22944260497	0.78240005616
He	-3.70973852758	8.33411559458	-4.19183592171
He	6.62111570465	4.25198896622	0.00627235019987
He	-2.92335228771	-1.24466901487	3.00831319636
He	3.76330594251	0.0887610250767	9.049679033
He	2.59832692578	-2.16365291462	-6.6141337784
He	-3.00587064528	1.79779869382	-1.39968441397
He	1.96063939229	1.92594841849	4.00890259176
He	0.111674835752	-0.4943316252	-2.78159516689
He	1.54855914973	5.05956310352	3.65766459347
He	5.25651870426	9.23317738384	1.24522778165
He	5.67683593011	2.87101627184	-0.0047644521468
He	5.52441889716	0.815978009091	-7.99985976306
He	-6.45050365729	2.6537251041	9.85433409209
He	4.02881208843	7.99462980731	-4.92292556375
He	0.742681578387	1.81550736186	0.939374421123
He	4.20260516924	-0.842204863401	-2.05941065723
He	-1.25418870629	-2.5633857558	6.22292711404
He	-5.35859246256	-1.56486254961	0.854076205383
He	1.4891804021	4.77729394448	-4.02213245959
He	2.87242737306	6.27913139072	-3.57838740478
He	5.35588253173	0.209327141639	-4.03501912279
He	-2.19155721997	-1.88813663894	-0.397836325752
He	-0.999985341111	1.28382057919	7.64748298644
He	-5.3951595266	-2.69173295968	-6.0557434063
He	2.11528807581	-3.27763831883	2.23924887282
He	0.0491538838219	2.08883412576	2.92488506744
He	-4.64382780745	-0.730798710385	1.92191151738
He	6.158765096	1.83559416117	-0.489985664245
He	-4.45924094009	3.42389472759	-3.95656513751
He	1.71360740806	-3.64840119577	2.01113332378
He	-5.47985056555	1.70170059362	2.73162773011
He	5.94885232615	3.85878675435	-0.639138366268
He	3.97117277154	2.55452994633	0.103628886539
He	-3.84562765921	0.288378927	-0.923283331703
He	0.580621881565	-0.652290425741	1.22641272744
He	2.76884884977	-3.81209006902	2.03074818961
He	2.47567350348	-3.39208501467	-8.06750512138
He	-0.729476172614	4.25846715016	-1.22417678468
He	3.75860117489	7.44461646184	-0.761357320167
He	-7.01997894407	-2.42057200114	-1.76765950179
He	2.05444539953	3.5901179153	-4.07703627875
He	0.313340848454	-4.30365935293	5.05665486996
He	-2.72621074904	9.28195229165	-8.54428255673
He	-1.18464595835	3.84006506297	-5.04843215023
He	-15.5348027842	-1.72362841648	-1.93107182467
He	-2.27263814231	-2.54350899008	-2.13957939343
He	5.59137740578	5.46631150033	3.37026394485
He	3.12173640098	0.355950814076	1.8359576463
He	6.30973663737	0.393454370173	-7.1575248305
He	6.45733749246	6.37992649454	2.83820305491
He	-0.462717669715	6.52328057409	2.27755673373
He	-1.83342671546	-4.32528191829	-5.15025001215
He	-3.38867759482	8.08139546844	3.44140318082
He	-4.39809859384	-1.12292658463	-2.31040333021
He	-3.56085396779	-5.33471506397	-8.09663882047
He	0.984769239853	0.378648423304	-2.75789880581
He	3.52376452022	-1.99766134773	0.0882901997015
He	-5.63797561386	-2.65548929457	2.20952466412
He	-1.70825248122	-7.25035168245	1.35979974667
He	-4.09096368184	-5.90707688714	-2.60525201707
He	-0.425469069205	3.90209461347	6.29261411695
He	4.92775837283	-1.76047125751	-7.62162084283
He	-0.651876427205	0.276781781576	-2.59499296585
He	0.840019714806	2.13817260722	12.4804766131
He	-0.0221258363198	1.87530750101	1.81698353775
He	-1.07049481669	-8.76485658764	-2.17711054927
He	-0.98362930269	2.55491387842	-8.4025591673
He	5.05149476738	-2.70153449549	1.69939104184
He	2.49250368485	3.50452545112	0.376232174766
He	-9.58074067905	1.41525106487	-1.09767631464
He	1.25730866949	-3.42358918133	0.891349834996
He	-0.0336970121849	-3.97967951107	1.76192720291
He	-4.02557966081	10.5597448188	4.36434591608
He	0.332893386856	-2.52084952746	6.55643526081
He	-3.78602707075	-5.93818076809	1.1686991028
He	-0.946246835952	-1.20204554146	0.956180923063
He	-4.77253735761	-2.74480911871	-4.44599222231
He	-2.12366738251	3.33329489836	0.41399748336
He	-0.12855883492	-6.20634687675	-9.08054138322
He	-0.0344581983744	0.399524878906	-1.78946698914
He	-0.58177606079	-4.32417489666	-2.972603083
He	4.82382491896	11.0978702631	-2.77965830974
He	-3.08488289759	4.9032084353	-3.43207550345
He	-2.26919972074	-8.86310258275	3.05776154912
He	5.86948404574	-0.358150161898	5.52503970133
He	-2.42382859574	2.31869303337	-5.48414438907
He	-2.69114915663	-0.434474977402	1.15774778646
He	5.22704407325	0.567147816702	-7.62439590474
He	9.09102989785	-2.39894353974	-6.7578249659
He	2.85424982745	1.41085992785	4.11820578921
He	-3.06223792308	-1.71346695817	5.76354692623
He	1.27478315519	2.93378727623	-2.36710667467
He	5.94755319291	-2.76604149426	-5.51928089286
He	-0.0274695876593	-1.01977245053	-2.45660997045
He	0.222623766107	5.63731385657	4.08674792996
He	-2.39637187902	-12.0371047376	-0.585669172753
He	-2.61170824812	1.58202916181	-6.46979329931
He	1.69014677727	2.04033692854	8.13164187117
He	-3.28716046113	0.00584357557495	3.02403708137
He	-5.56966485354	-1.60863278302	-2.66664600206
He	4.43596821394	1.71795999987	-0.318977363203
He	3.78433893407	-2.75744442044	0.656955015391
He	-3.99442738286	-1.04390945714	2.43167701417
He	11.1846056683	-2.02810961448	7.24241578917
He	10.1218738413	2.25027781753	9.53320602805
He	-2.91276226544	2.01708237157	4.93115438395
He	6.24769861839	-2.430577327	-6.98138745397
He	0.863520918703	-5.95809713149	-3.34209126935
He	-4.75104277328	0.237301026271	0.0999762534219
He	-2.18317332761	0.72631353688	3.45146530651
He	-0.154244670868	10.4610750407	6.58280423974
He	-6.08691326017	3.3744677779	-6.75757727838
He	-3.87277070603	3.78356630421	0.84223576866
He	-3.65271718876	2.42603858692	-3.42925379567
He	2.62368649574	3.77519783184	1.03919725235
He	-4.42043676377	0.951780508519	4.01384950963
He	6.06586977282	-6.57950999185	4.98625953986
He	0.965717558237	6.89493759834	2.70840872213
He	-2.25913551988	-4.56484215795	2.49822725876
He	0.105039254876	1.90776685353	12.8111603704
He	-3.27985970041	-1.2587424081	2.62349943372
He	1.00498637133	-8.12349731473	0.216970003923
He	-6.59132272287	-1.86516913312	6.2343882301
He	5.9542605367	4.86413449969	7.11411436374
He	-8.93090796864	6.24511567298	-3.87443198847
He	-3.69462072713	1.62581560695	-1.30010359067
He	-2.95972958128	9.14348301464	2.48028364551
He	-0.737438763112	10.25629729	2.36106450326
He	5.23853646305	8.73710694044	-5.62506925248
He	-1.58267590341	-5.7101865836	-2.17135769912
He	-1.39779550966	-1.24655857717	-3.61485349826
He	-5.95850972956	4.11921986233	2.47761729186
He	6.55819848724	-5.38404039128	-3.48594332668
He	3.68836820219	-2.13012361857	0.974538077964
He	-2.59479406826	4.01058752062	-1.5605437555
He	1.51014603355	-3.07368198772	5.54300017039
He	3.3195193676	2.23121841018	2.40631461986
He	-2.91393428501	6.71299685923	1.45676343338
He	-0.788041560115	-3.25548010207	-2.59798151814
He	0.558894872925	3.76387915227	-5.5118150295
He	-2.43226774963	-4.6567901024	1.47346098324
He	-7.88412885446	3.98592373088	4.07606525904
He	-5.22985978608	-13.2321800504	-9.83075000419
He	-5.75740058968	-2.16962213646	2.42054313482
He	-12.884522416	-4.24959551266	-9.18694294982
He	1.71055858297	-2.49405478301	1.02060396083
He	-1.553571193	-6.90285777192	-6.55190195456
He	-0.88014955645	2.52567704399	3.20488169731
He	-4.71303070252	-2.97353606109	1.31528231582
He	4.51844409746	0.356428998809	-4.03354373834
He	3.46356327627	3.58990726768	-2.18940318635
He	-0.190481948768	5.77003658427	0.0161660723493
He	0.236613990703	0.92850111054	9.46334942062
He	-1.56041920839	2.04903098978	13.4190634465
He	7.90846800837	7.57691666261	-4.61303830688
He	0.36472056996	-0.452595658214	-4.07957373588
He	-2.07896063533	5.41143532631	3.83769432626
He	3.22518865059	7.3324706994	-3.29279468366
He	3.50978210132	-3.55723755781	6.93549504281
He	-4.22133831966	1.93272494006	-2.93548009243
He	-3.29238872684	0.525389285558	-3.97769020918
He	-8.19331980342	-3.10816048996	1.54537224724
He	2.30074981748	-5.64641641465	0.894522871564
He	-1.01187658721	5.99654033686	-9.09308550242
He	-2.26236949145	1.67121120559	0.776611999567
He	-0.149168957495	1.36823337624	-2.53665488796
He	3.47016967579	1.55261327499	-1.31629638876
He	8.46335546153	-8.43779791275	4.95699796703
He	-4.59579886664	-4.78517563331	-1.6174012123
He	-0.120064228415	-5.39861113551	-0.931664549767
He	9.19219349633	6.72055445397	-2.91638787635
He	-2.05315056539	1.10442615373	-6.73080969626
He	-8.04335093456	1.40297173106	-2.46235065777
He	1.60647567016	-3.02918358402	-2.61018150556
He	-2.09098497525	4.69410177644	-5.03698825188
He	-2.01598085725	-6.21096894665	-5.13869852569
He	0.674348042415	-3.90368890817	-1.1773660479
He	0.953923887496	-2.87234292071	-0.923667342702
He	-2.73449072089	5.86585869413	0.679444171691
He	-2.30562274844	1.99855491915	-3.72731963423
He	8.67962714805	-2.91302826247	-6.97737075685
He	-2.25028156866	1.56339017039	6.08155474717
He	-0.792238389461	0.435914044271	-0.483029510806
He	-1.224576557	-7.4837759231	4.23398084026
He	0.809854072626	-8.22805367773	7.00515630526
He	0.669855194326	-0.533384703658	-2.56655615381
He	-0.630004892198	-4.68592573752	-4.29543426814
He	4.97811271011	-5.85814216917	1.11348859713
He	-9.46580009526	-3.32161176852	-0.936740857432
He	1.44145733542	6.04129798558	-1.08441340988
He	2.79635234053	1.3044933573	-5.10217503287
He	-1.40857340019	2.15381314138	4.09096211774
He	-0.0933086649468	-1.79794156584	0.297328908674
He	-2.26808857844	-6.89580605583	-1.47383967353
He	7.23822883477	-6.57884829608	-8.66746318945
He	2.91992336681	-7.96142706025	-7.93026078226
He	3.45876858837	6.01102472705	0.196379833771
He	3.71103849706	2.00940632622	6.64333435939
He	-3.7765791644	8.87059721494	8.45298455692
He	5.03377835419	7.2591837596	2.0968124245
He	-7.84711432764	-2.87619051061	-1.95910872983
He	-2.97386364771	-10.1952439411	-1.40564225583
He	-1.65514631467	-1.29396855061	-7.04686344906
He	-2.08639666063	7.27049176361	-5.31405873942
He	2.98491017852	6.66545426121	-3.30458913412
He	10.0357384321	-8.53248902177	-3.46469547728
He	-0.811293535963	1.20492161558	3.33126901672
He	7.69785330058	5.53468475451	-3.1627694699
He	0.0812051889014	-0.767607718923	-1.18491869294
He	3.62546700203	0.419833787561	1.57182005423
He	2.27469619788	2.70843216909	-0.548468214479
He	5.12785433174	12.1556207113	-2.76363690879
He	-2.01864173515	-1.31216182709	1.03978275405
He	-11.4695387797	2.62449506781	1.29595339717
He	2.70239355859	-1.60016493964	-1.70331231032
He	1.974055221	-1.11988755394	-5.76254790985
He	-3.18349456472	1.21472085627	-2.7886882392
He	0.124137228817	-1.81344155682	1.506697031
He	6.34371238332	-2.4453375815	8.68354853811
He	8.44679390686	0.140187023449	3.94668408006
He	-5.1023998608	-0.278197567768	-1.30985971388
He	-0.318349836203	0.514211051203	3.00690192526
He	-6.60522732001	-2.85018552012	6.28823728247
He	-2.75808433542	-1.709073507	-0.995808377762
He	-7.46436220078	-6.88856292758	6.10610772163
He	0.879051360689	0.215204773431	1.45975768176
He	2.72007423706	6.93430321682	2.6439534161
He	5.16035243766	-1.38682976777	1.47552726897
He	6.32069188408	3.5288686056	-0.156020727363
He	1.22148546768	2.50406081533	5.84410837441
He	-2.34709588437	4.21736061123	-0.993802692534
He	3.9624331702	-9.88617192379	2.81786664515
He	-1.69426242215	-1.36655732061	4.59262532496
He	-5.31102196917	3.94738988572	2.74781517445
He	-0.118937960524	-3.5846514289	0.534163313537
He	5.28090451795	5.6608488225	3.67833859997
He	-6.95887547699	-3.57917583749	2.16159150784
He	-2.345355266	10.0799063801	-0.989645120447
He	-1.59662163981	-1.63642124828	3.67808066175
He	-4.82995137268	4.10719054825	-1.10640664857
He	-1.78033633601	-0.111288648359	-4.28433510095
He	-5.438876748	4.96842955823	-1.62255227068
He	0.740652712018	0.381108756207	0.0255200633222
He	0.476271290746	-3.1247080319	-4.00567327448
He	3.69544071597	-2.16766782529	-2.43471316495
He	-7.04233527893	-0.298601163175	5.21721522854
He	-5.4394157358	-1.63127839369	5.06795145868
He	-0.876203536905	-0.585209013583	7.16200138945
He	1.1288856019	-2.24253451779	-2.93735165222
He	1.05586948189	2.82824303307	-1.05687230363
He	0.420580992963	-2.18576801688	-10.1177061178
He	-6.3047152365	2.90397716401	-3.90053045764
He	-6.4806774104	-2.19658502048	-4.33532432759
He	4.21303826805	-7.57954541377	2.00071824652
He	-4.30394669547	-0.556000525647	2.0767308025
He	6.04640664673	-3.20416982507	-7.26638125844
He	-4.86729880626	3.79294219542	-1.96141239473
He	-1.96120233664	-4.43719356803	0.0809594027401
He	-1.46653194987	0.997263879525	-3.6250571015
He	2.61421528375	-2.73107289434	-0.867497404041
He	-4.49853013682	3.74658267405	0.74026863601
He	-12.2680484562	-1.85020659268	0.355965018224
He	-3.81755378928	2.5709505857	-1.7176197236
He	4.69652433169	3.81417153587	-2.58728607031
He	-7.5954107339	-4.63363687713	9.47899565121
He	-6.49386000198	-5.69315494227	-3.25888534008
He	-1.1633535171	2.83798892103	12.0641588403
He	-0.147154136052	-7.87245880971	-0.766541477005
He	-4.48793375048	-3.88349732661	-0.776160677193
He	-0.0696841147317	-2.03693313312	0.990888991107
He	-1.7196800032	3.08998248978	2.33611130971
He	-3.94442069209	4.05765339144	-3.84320869367
He	-4.84103174981	2.65268535798	-1.95712986947
He	1.9355047063	0.690216998701	-0.654947749077
He	2.14669138482	3.20515314093	1.06112532285
He	0.536294927922	0.0218157845271	-2.91792579199
He	-3.20742757818	-9.90010825108	4.66856956341
He	3.17597912704	4.18909795688	-2.7135930644
He	-3.04834531171	-0.98903411764	-4.89330702108
He	8.04039699101	1.13448408551	4.80069447251
He	3.50641281858	3.51435099418	-2.36378251401
He	6.77810500016	-1.20045600545	4.88151507072
He	-11.3126215814	-1.39193476093	1.4696647851
He	5.52805968044	0.162869265012	-6.79536425535
He	-3.46709417523	-3.80419964758	-0.769410693348
He	1.74926036619	8.35105126882	0.350542470482
He	-8.63483656938	5.07588328602	-6.01120293712
He	-1.15901199312	7.81792376476	4.99344696042
He	-0.368206754204	-3.6369766641	0.194529515701
He	-3.08125298742	2.53450378809	4.35025544961
He	-4.97131928371	3.20867669734	-1.3322363763
He	0.259596367291	4.51073109919	-2.50570810283
He	-6.08880955558	-3.73910319167	6.8330995985
He	3.47597237524	0.780698293901	5.78291688459
He	1.09975069983	0.643451631637	1.02559193163
He	2.78456324762	-2.99655349432	3.82933657676
He	-6.79931908246	0.666859252604	1.25687445304
He	8.33514697583	3.24276058073	-7.11081064833
He	0.76374555804	0.298587701299	-2.4562227954
He	-0.544561531981	4.7540002243	4.02023377695
He	-1.66523635004	-0.522164415948	-1.76886713331
He	3.88916726841	-8.3826013157	4.27601639993
He	3.66323391234	0.0495149326218	5.91950047146
He	-0.442752992454	5.42389965163	-3.20492012403
He	-2.18197793403	-0.770332355639	5.27976547408
He	5.87026001418	-0.932425147806	-4.98410746464
He	1.41103238755	-6.51727322592	3.92516885939
He	-7.09106585425	2.24913212919	6.09237546087
He	-1.69838804387	2.77360370126	1.23578265989
He	-3.23985954323	0.301740945522	0.0490071832579
He	0.0147721678633	-1.27643879859	-0.0617471790219
He	0.0582201341637	-7.96003351894	-1.99076442723
He	-6.56276564127	-1.97029714344	1.04241654556
He	5.75271772159	-4.91255809799	6.07768525104
He	8.19077078722	-3.07551386815	1.61819332568
He	7.68011713883	5.31612545611	-2.64390450302
He	-0.16568819822	-1.22115148955	-0.9346634497
He	3.11953411813	1.55248472725	-1.92532359399
He	-11.7433512991	-4.65831143953	3.82033026557
He	1.90372978372	0.678706547861	4.08579427618
He	1.68438641522	-11.3652123616	-0.602056286175
He	4.10099827554	10.8200538859	4.32055416202
He	-2.63587891605	-9.63046764942	-5.64285860527
He	8.76675440803	-0.327466505904	-4.46171119476
He	3.70797883424	0.723366067462	4.31756159449
He	-0.978125730951	11.754714166	-5.88157441871
He	-0.000762536421688	4.66503394426	-1.35063045657
He	-0.919081582199	7.24667610298	0.218151155879
He	3.8216950171	-1.81916941486	-0.345148993553
He	-0.581879526494	6.97065488409	1.9270181324
He	-0.713554763024	-1.45703068045	-2.41954315027
He	1.25826539975	1.15027602659	-7.98725331178
He	-2.79132170728	5.19225675627	-2.93305947774
He	1.93711647389	4.71769831586	-2.55157587232
He	0.335513730743	7.54620977286	-4.24234184534
He	6.49793070174	1.15503195706	4.89920280481
He	-3.12575714236	3.04504921488	-0.932283965154
He	-6.11003286297	-5.87525515282	-3.0606230882
He	-7.76988136784	1.52869717748	-2.46781924153
He	0.151095452353	3.37492152122	9.067718276
He	5.53424113991	2.3126972808	7.78020134164
He	-3.72964924306	4.89013653671	5.84124907388
He	-0.552371545573	-2.82415701099	-3.15832339112
He	5.55910516009	-4.6220157966	3.12976116029
He	2.28519922437	4.27219264683	8.18146247043
He	-1.63166403769	-11.174117802	2.02084883412
He	1.49519770625	-2.52690084461	-11.9755804849
He	-2.8693178301	-11.0249202003	-0.488449536688
He	1.34514159001	-2.60962539378	2.33041280102
He	7.90423068756	3.31991107695	0.306541282385
He	-7.23915505686	7.47087914061	1.37497217417
He	3.5855035116	-3.93391820793	7.13476599516
He	2.48918046383	0.374851432187	-0.181238457045
He	5.72517808267	5.46994439136	-1.01047649261
He	4.62179501887	-1.2166447098	-3.05286859934
He	-2.20277259051	-1.63614665518	-4.87685708579
He	-3.28926831232	-9.56494232871	3.48515470068
He	0.939025282209	2.43923032966	8.77623511718
He	5.89243751235	7.06880042982	0.522501132474
He	4.64338634682	1.8612406614	-5.94976485235
He	-0.728601995782	-5.80250705767	3.24384365689
He	2.9498792213	-0.346513274601	4.7275368142
He	5.08424558058	-7.7541907449	-2.29941024765
He	-1.51512237342	2.20277905881	-5.54636078642
He	-3.71229376991	0.841613747318	2.60759715126
He	-4.91992901641	7.51274573748	10.3807459371
He	10.8786348173	-10.1416688938	-5.65606193482
He	-4.00971302419	-1.69509750693	-1.5948913789
He	0.956711469222	-3.4141312795	-1.94097861458
He	-2.43662577707	8.47636064241	-4.29382119926
He	-4.84196473061	-10.922721987	6.61767294353
He	-3.08835547101	0.658355483771	-7.73619433869
