STEP 0
He	0.0146230270325	0.00370587563335	-0.0163534212057
He	0.0029040661051	-0.00403482780165	0.0107355855794
He	0.0370277545143	0.0135644872159	-0.00178283649704
He	-0.109797000666	0.00201671246891	0.0306409412493
He	0.00131791860269	0.00474036070666	-0.00193091265335
He	-0.0528693208805	0.00290326698416	-0.0834242521944
He	0.0333192757175	0.00235121797814	-0.0173361982914
He	0.00955466923192	0.00422963633555	0.0375673795128
He	-0.0411260016068	0.040677459836	0.0449097601098
He	-0.0214110489672	-0.00578475277034	-0.0116508151942
He	0.00393724509323	-0.0101542514069	-0.013216190312
He	0.0211853142472	-0.00836812548666	0.00878462709792
He	-0.000967378750229	-0.00376411994318	-0.0164702417377
He	0.00605949420162	-0.0162690720404	-0.0023394127575
He	0.105939984998	0.194765587407	0.0181570361937
He	-0.0152489116733	-0.0102846990572	-0.0441664166527
He	-0.0195541062846	0.000874404392436	-0.005381943709
He	-0.0485368041225	0.0330636437356	0.0243884692342
He	-0.0263844341818	0.0483090736592	0.114130932447
He	-0.0395092282024	-0.0186009817354	0.00898539242169
He	-0.0156859176485	-0.0376545035403	-0.0330906292088
He	-0.048185784363	0.0126547142529	0.00761194340559
He	0.0069239055543	0.000914443898985	0.000347642983632
He	0.0346855825114	-0.00992813222899	0.0168095367717
He	0.0500727619266	0.0422638298441	-0.00131046229721
He	-0.0408442832908	0.0301458046709	-0.00162025577984
He	0.0163943624539	0.0226410411224	0.0121820738503
He	0.0490295779979	-0.032516527626	-0.00455043079924
He	0.00117797765895	-0.0249678289459	0.0191240298714
He	-0.0311555570661	-0.0144408028226	0.000374444221133
He	0.00990188705027	0.0052545784422	-0.0130237232623
He	0.0576601883752	-0.0834460231541	-0.103850007041
He	-0.00980886042993	0.0652267598591	-0.0525752184191
He	-0.0156969319043	0.11348974813	0.166784139008
He	0.0188289927164	-0.00193812496616	-0.0036856485168
He	0.0586187382751	0.035864265684	0.0542364798383
He	0.0442550545109	-0.0233617617862	-0.00757793993122
He	-0.00766295769743	0.0098422131336	-0.0369023254943
He	-0.012424370781	0.00797705385595	-0.011517945953
He	0.0705573131458	0.0461913813871	0.0574963758628
He	0.0163476737611	-0.0281423389001	-0.0109349133559
He	-0.0270344721852	-0.00861894540829	0.0382842712282
He	0.0258537368864	0.01300235192	-0.00163745192994
He	0.0722424219148	-0.0385123469976	-0.0488765359676
He	-0.0264994608937	0.00798979154586	-0.0014092137821
He	-0.0065276935255	0.00678075889459	-0.00444189933774
He	-0.108475114973	0.00576943655363	0.0162047656231
He	0.0222024110072	-0.0628270365384	-0.0164820665254
He	0.0296055000769	-0.00100134546286	-0.0237335148616
He	0.0353591711063	0.0452291573228	0.0554976275414
He	-0.0190901406824	-0.0535120200411	-0.0174044533149
He	-0.00660444469543	0.00753612466431	0.0177736119599
He	0.00302592529519	-0.0190865492564	-0.0385059220208
He	0.0106873335754	-0.0744682333488	0.00644218396752
He	-0.00199148203085	-0.02919025699	-0.0277120171008
He	0.020639538381	0.0645525738621	-0.0277416875219
He	0.045575727133	-0.016587235172	0.0134422242911
He	0.00961676554702	0.00957934868422	0.0187924929055
He	0.0324146857717	-0.0290863306054	0.0110980204377
He	0.0816329734844	0.186122779147	-0.147593434896
He	-0.00434347065028	-0.00622175794944	-0.021097245316
He	0.00639908597112	-0.0160770239021	-0.108005802177
He	0.00320176783099	-0.0143433226091	0.0193981122618
He	0.034414995047	0.0148983695863	-0.0353834453896
He	-0.00132514034269	0.00202437130486	0.00755433291903
He	0.0956141988601	0.117230070001	-0.034740424024
He	-0.00165603434777	0.0114460691171	-0.0183063435104
He	0.00299256390478	-0.0221306167009	0.0149406624224
He	-0.0265888652807	0.0769637137275	0.23761274312
He	-0.0641427664833	0.0383680124185	0.0163264891281
He	-0.00187570491338	0.0101209198681	-0.0798535395065
He	-0.000337549509809	-0.11605962691	-0.0195261978778
He	0.00983363198769	0.0317834930936	-0.0328058009578
He	0.0183556318998	0.0254558221214	0.0100204423269
He	-0.0128747010119	-0.00712972739456	0.0165503087531
He	0.0548571782988	-0.0595837257863	-0.0175099631578
He	0.036449943678	-0.0640373420394	0.0020751256788
He	0.002049345212	0.000883582219737	0.0285338947089
He	0.00894139027035	-0.0415095568816	0.0839070854161
He	-0.040245699602	-0.034732591081	-0.054357716722
He	-0.00458051221106	-0.0161848010107	0.0272175575919
He	0.0174009651839	0.0100884200314	-0.0163707822521
He	-0.0542661620554	0.0190198468557	0.0766094872791
He	-0.00756949283348	0.0275426077382	-0.0476651721393
He	0.0166602253221	-0.00276667776754	0.0355558875546
He	0.00488571532696	0.0510594890611	-0.028245758286
He	0.0272373453201	-0.00168737898212	0.0458473739684
He	0.0222939518401	-0.0227141173669	-0.0194623901086
He	0.0363020118593	-0.0444446521341	0.0163538425633
He	-0.0574452591903	0.0325639897104	-0.0137912857028
He	0.0320080035343	-0.0141989533118	0.0476097184949
He	0.021909427803	-0.0333901304658	-0.0602579938609
He	0.00903120171571	-0.0460001574297	-0.000996029525251
He	-0.00432159341136	0.00267736460984	-0.00482639269295
He	0.00164321373666	-0.00726210413028	0.00402240880668
He	0.0356332131886	-0.00181670300473	0.000476991159464
He	-0.111700132774	0.0861416833204	0.0683447140543
He	-0.018935696424	-0.0161246180135	-0.0862904034232
He	-0.0163544206228	-0.011336114517	0.00245467217574
He	0.00478061706687	-0.00972290406916	-0.0104747111167
He	0.00395477154141	-0.00798150892559	-0.00154385160056
He	0.0270298297371	0.00623860956189	-0.00518169921694
He	-0.0603934134416	0.0625049871471	0.0615992282139
He	0.025177235242	0.0109861754881	-0.0144681930204
He	0.00598710598823	-0.0222614554853	0.00515734925808
He	0.0186306035176	0.0104729817327	-0.00615660872891
He	0.0341961931423	-0.0194713147433	0.0054252562469
He	-0.00169148143436	0.0112449638448	0.0342525766562
He	-0.00990252410322	0.010217197035	-0.00883360353846
He	-0.0410611374383	0.109669903147	0.00443518550586
He	0.0235661375992	-0.00620785992562	-0.0180551726744
He	0.0169103827129	0.00168896886108	0.00123549423425
He	-0.00111393557625	-0.00487679496379	0.00643763713446
He	-0.0443411789943	-0.0361824947874	-0.00335140826834
He	0.135008948276	0.106921523486	-0.0150245741916
He	-0.00632093813128	-0.0702454802117	-0.000226844866845
He	0.0462226543296	0.00542792605403	-0.109995245364
He	0.00840775631219	0.0529126307065	-0.0136001542198
He	0.045819018887	0.00194563263939	0.0400727326398
He	0.00430496394488	-0.00590408147112	-0.00143506866479
He	-0.0136058415272	0.00532735494789	-0.00450576224458
He	-0.0373238662145	-0.0410434334441	-0.00925087729866
He	-0.0051008192121	-0.191782341931	0.108810682912
He	-0.0137017318141	-0.036572542443	0.00358579227164
He	-0.0332000548703	0.0231334556606	0.00645423496435
He	-0.0494463925311	0.0214116688385	-0.00400684294145
He	-0.00908969417984	0.0270229130671	-0.0282107524236
He	-0.0336248302754	-0.0118420441052	-0.0255275961968
He	0.0324096048478	-0.0035160935682	0.0290419607947
He	-0.0161733110193	-0.00590039435448	-0.00782056993381
He	-0.00255780583381	0.00600641987833	-0.00869195746283
He	-0.00690487456405	0.00444605604526	0.000682747922462
He	0.00479270289761	0.0141779953852	0.012242733532
He	0.00362645607586	0.0421090629839	0.0502956471552
He	-0.0161418904715	-0.0772783935862	0.0571325655161
He	-0.00444379369915	-0.0249542604949	-0.00209482230487
He	0.0241772176248	0.0407545352083	-0.0244296106804
He	0.0634303906107	0.0495749260818	0.0417382414478
He	-0.0348354352617	0.00509477576395	-0.0434776398141
He	0.0338839986168	-0.0432036099586	0.0076187188472
He	0.0396312274703	-0.0174473267976	0.0326270101189
He	-0.0532372457745	0.00442280472269	-0.0853043710311
He	0.0113141294628	-0.0304456283394	-0.027760400673
He	-0.00913521609302	-0.0257706377842	0.0361514404433
He	0.00750664240338	0.00842819659942	-0.0102957936693
He	-0.0294003604085	-0.106203171705	-0.0698306972129
He	0.0139823015848	0.0327471153447	-0.0114447592156
He	-0.0331385331912	0.0409140102348	-0.0244251197216
He	-0.0709772550397	0.0220623355032	0.0551629080126
He	-0.0747236310703	-0.0232169816848	-0.0870703465014
He	-0.00878008342902	0.0110854489534	-0.00519697362883
He	-0.00330844127777	0.0228068374131	-0.0130382308323
He	-0.0240189554797	-0.00893323698236	-0.0313724560487
He	-0.00345391263927	0.00202243445346	0.0291305160745
He	-0.0735250693666	-0.0447025339385	-0.0459667872752
He	-0.024002073432	0.0747338411566	0.00676737413264
He	0.0702882749983	-0.0942580959753	0.00591017627735
He	0.00739631090155	0.0282496050073	0.0254364420243
He	0.0295550209013	-0.0157572212005	-0.0189932435308
He	0.0167634186176	0.0212598010888	-0.0766991990618
He	0.0110387521263	-0.0272919043106	-0.0352900451463
He	-0.0277279790947	-0.00320029627043	-0.0257147084603
He	0.0434038892538	-0.0810901291075	-0.00514136950702
He	-0.0240922047936	0.00193426059605	-0.00955525602474
He	0.0414383132318	0.0315081179328	0.0794373470417
He	-0.0651671629066	-0.0190611255526	0.0762385677666
He	-0.0520938409436	0.0265301806538	0.0157626918441
He	-0.0266354971935	-0.0162819369608	0.010492243341
He	0.00460682683267	0.0213611464191	0.0516389928299
He	0.0227444095223	-6.9191635888e-05	0.0256051501017
He	0.0239781528535	-0.0387246420802	-0.0214812468279
He	0.00231493465476	0.00517463532725	0.0443191804036
He	-0.032957656891	0.0304645435247	-0.0322110222531
He	-0.0119433227614	-0.0262899462365	0.0123901734401
He	0.0130571755355	-0.00897379363884	-0.00107464486213
He	0.019135707162	0.0340169741582	0.0150410275894
He	0.00322298834875	-0.0098021726701	0.0108504022288
He	0.00153824540329	-0.000813874731275	0.00452351905831
He	-0.000459269696376	0.0160622441666	-0.0313354710273
He	-0.0197288073449	-0.016700182632	0.0722345710287
He	-0.0214415259631	0.00329278906682	-0.0198258615373
He	0.0237664551552	0.117845283847	0.0261544972215
He	-0.0287360139274	0.0595984750091	-0.0201767660099
He	-0.000370358829177	0.00204834552479	-0.0288378691244
He	-0.0379231198361	0.0274602467769	-0.0103988974302
He	0.0169268316821	-0.0340358584753	0.0291371154911
He	0.00787151643886	0.0576483712733	-0.025061055849
He	-0.0266879154511	-0.0196675030116	-0.0314536922073
He	-0.0190663478354	0.0371057887505	0.029636084389
He	-0.00496453279817	0.0106299380399	0.0260235522082
He	-0.0614661286041	0.0153972967852	-0.0246533619078
He	-0.0331136327456	-0.0384379056584	0.0332750731023
He	-0.0109691926502	0.00922790201381	-0.00299555451878
He	0.035631072769	-0.0817088548804	-0.0438028098413
He	-0.0256999386648	0.0342197155427	-0.00318962129652
He	-0.00698214243902	-0.0264619628525	0.0243123439162
He	0.0214944862587	0.00579931737735	0.0296363296624
He	-0.0390193877266	-0.0167320806519	-0.00113724423838
He	-0.00730406978294	0.00211431509206	-0.0311184745716
He	0.0360492699881	0.0248976552292	-0.0203907187449
He	-0.0626373842586	0.0217369094484	-0.0463002313366
He	0.00295082800891	0.0183170276889	-0.0088748723118
He	0.0184839808437	-0.00269300191927	0.00406137699108
He	0.0205233918176	-0.038798773149	-0.0775509024347
He	-0.0162769878676	-0.0569400277806	0.0171917277322
He	-0.00515208860838	0.00173603348634	-0.0101088927579
He	-0.0660114450038	-0.0185642962806	0.0264070912776
He	0.00581603592021	-0.0135223742191	0.0789067692474
He	0.0385921253304	-0.0926138914842	0.061019364187
He	-0.0242264361022	-0.0354918156614	0.0726110246327
He	0.0212082314186	0.0357467168484	0.0156451894139
He	0.0891635346739	0.0372255693446	0.0655032461087
He	-0.019300198324	-0.0384605843189	0.0279950994281
He	-0.0618788415215	0.00702886887684	0.0271841519218
He	-0.00873455111155	-0.0648537614039	-0.0732607743153
He	0.050646221127	-0.170882285216	-0.0514937436166
He	0.233219142096	0.00780295535104	0.0833766167058
He	0.0205898277477	0.00764889022192	-0.00453071467271
He	-0.0334697322182	0.0523070926173	-0.0633648746561
He	-0.0184183180158	0.0572159916377	0.0426426139336
He	-0.0305746760892	-0.0325804780087	0.0843376457341
He	-0.00597590130675	-0.0224401238935	0.000667778009345
He	-0.000849587935492	0.0135879909615	0.00493954444486
He	0.00658799335539	-0.11111947849	-0.0620986020452
He	0.0237788476516	0.0117883650221	-0.0212180435181
He	0.0168252182943	-0.0194544806641	0.0105970191479
He	-0.0403854589293	-0.00599639789665	0.0173612657745
He	-0.0462612751483	0.0156527286438	-0.0100656578303
He	-0.0261204152563	0.104982914744	-0.029813570393
He	-0.00449917933903	0.0187403520599	0.00682970646717
He	-0.0146459175143	-0.170376058167	-0.0281418365849
He	0.0029906387747	0.00739511530731	-0.00518192254379
He	0.0757892760739	0.045214753814	-0.0676692278015
He	0.0370883164752	-0.023269585621	0.0449971080379
He	0.0549303940919	0.0581171401111	-0.0788397723991
He	-0.0388506427746	-0.0186992459898	0.00508149909932
He	0.0376514099112	-0.0195402889327	0.00675190043463
He	0.0336396100399	-0.0317639552554	-0.00657858165802
He	0.00857720568049	-0.0138691257247	-0.0482620449347
He	0.0219865367892	0.0878543809732	-0.0873776545794
He	0.00378424551349	-0.0010499317362	-0.0107716585094
He	-0.110946575913	-0.0208688201808	-0.00851916616194
He	0.00797937780872	0.0600872687415	-0.0090198715218
He	0.0172772013931	-0.0327361253023	-0.0498322098785
He	-0.0883639634056	0.00937271102682	-0.0348737482372
He	-0.00252174329622	0.00747672566785	-0.00669126213677
He	-0.043790687521	0.0627301740465	0.0247380229053
He	-0.0130459448933	0.0138652444247	-0.00173300557519
He	-0.0180361150408	-0.00060617187077	-0.0361653874576
He	0.0170911136177	-0.0785395824108	-0.0414616571533
He	-0.0678598038971	-0.0036629756661	-0.0255534217559
He	0.0176481336163	-0.0518531917018	0.00018394677633
He	-0.0011883156511	-0.0557145072871	0.0407326917902
He	-0.00561824298817	-0.0134585015168	-0.0198946724303
He	0.00500081756409	0.0250593815137	0.0145565073866
He	0.00512900195923	-0.0254305106376	-0.0424547534665
He	0.0236900522884	-0.0309057328428	0.0273766496314
He	0.00422427914546	-0.00713070660857	-0.0155922352557
He	0.0312875465266	-0.00171684658045	-0.0135071858353
He	0.0341446258461	0.0382637951495	-0.00230413369181
He	-0.0294179209337	-0.0307194912944	0.0785885432016
He	-0.014481155178	-0.00396437588789	0.0101888085506
He	-0.0315364742776	-0.00850972649829	-0.0179029718376
He	0.073213538163	0.0371439482958	0.00860873643804
He	0.00607876391084	0.0592201788507	0.00412744029816
He	-0.00737792505592	0.0774651756624	-0.0272652290257
He	0.0268173243563	0.0102789734036	-0.0466555434952
He	-0.0098563666544	-0.000602106116654	0.00377941989581
He	-0.0359066194431	-0.0461349811597	-0.0384644123991
He	0.00922321812503	0.00546925279465	0.00369198575228
He	0.0051775298701	-0.00495004655098	0.00905247554729
He	0.0125828288235	-0.0146663736153	0.0225171931666
He	-0.041480129819	0.022697279542	-0.010342349419
He	-0.031664087189	-0.0169458524358	0.00170452637866
He	-0.0207334820988	-0.0403942426428	-0.0606526474818
He	0.0455083358641	-0.0364207421228	-0.0303592807839
He	0.0109896984525	0.00643302779154	-0.0116249859707
He	0.0171833312553	-0.0591072996638	-0.092124286362
He	0.0266345775694	0.0152634085233	-0.0224913338617
He	-0.0305652390887	0.0697425780313	0.0948715249112
He	0.0109767126879	0.0235937428798	-0.0182924426217
He	0.0667201450336	0.0470276649646	0.0422173982455
He	-0.00483473300887	-0.00119680827352	-0.00270629623156
He	0.0156126592607	0.0201154631575	0.0761452855534
He	-0.0504803931771	-0.0367218323009	-0.0725969667504
He	0.0157877912871	-0.0291953714875	-0.00680249429024
He	-0.00986345295078	0.0089768360916	0.000169831680178
He	-0.0400065513145	0.0780713633508	0.0405448166194
He	-0.032502904381	0.0234336419929	-0.0322188784191
He	-0.00307442333508	0.0558391629369	-0.00961408114286
He	-0.0352556107009	0.00312215009415	0.0159515644126
He	0.0222156550232	0.0392551866279	-0.0246437521726
He	0.0633055235173	-0.044383301929	-0.0255888461313
He	-0.00252858146458	-0.0496223210262	-0.0116087673507
He	0.012393551621	-0.00515770621619	0.00888260634456
He	-0.0205285737301	0.0402676204707	0.117572842088
He	-0.0106100028786	-0.00493308064318	-0.00507478715242
He	0.0236865921636	-0.0510183767048	0.0101734041375
He	0.0328786426081	-0.0533205644542	0.23260927573
He	0.00970693392426	-0.119238285992	-0.0365088137681
He	-0.00338716296186	-0.0111075731974	-0.00213050892319
He	-0.0218047159083	-0.0300015613317	0.0525469271474
He	0.0321328522183	0.0299967029641	0.00430031636582
He	0.101478353501	-0.0271773125162	0.0578009021166
He	0.107334120744	-0.0730496912534	-0.0668030581055
He	0.0254353650968	-0.0205377447198	-0.054414761796
He	-0.074540344371	0.0501634018939	-0.0285205693893
He	0.0310015406391	-0.00568368600986	-0.0435620353201
He	-0.00287572283697	-0.00482117250444	-0.026715149313
He	0.0212627508574	-0.0373705949199	0.0554108493414
He	0.023914211713	0.0108679354671	0.0281979762677
He	0.03238619571	0.0160551053142	-0.0115243683163
He	0.0424868203305	0.0158232802715	0.00739288712633
He	-0.00432405105614	0.0153515352364	-0.00180042411708
He	-0.0421668855749	-0.0268458577852	-0.0605415348623
He	-0.00724358181142	0.0206257875671	0.00763970698504
He	-0.0672677720452	-0.0268500290878	0.00118328121307
He	-0.0235583746299	-0.0198711408099	0.000627100691958
He	0.0932477659347	0.0613916756442	0.0874127533368
He	-0.0476774791534	-0.00294451598142	0.100630588169
He	-0.00493591536178	-0.0474226968759	0.0183480247938
He	-0.0108938140466	0.00908309922069	0.0128953563304
He	-0.00930825014381	-0.010138495642	0.057573716364
He	0.0196261699924	0.00925425776132	0.000845251481108
He	0.00804944052718	-0.0161239773486	-0.0414257333251
He	0.018488855095	-0.0762278229092	-0.0466426936365
He	0.00315166919247	0.031934728446	0.0336487462824
He	-0.02468074391	0.000617688896785	-0.0064031066986
He	-0.000478536169609	-0.0245026130405	0.00556471769432
He	-0.00124513876857	-0.000684544488524	0.0267908711166
He	0.0210512282552	0.00668286217201	0.00880774682529
He	0.176533470776	0.183260485822	-0.0577792338378
He	-0.00794713048953	-0.00258120914472	0.0110788864283
He	-0.147267142175	0.182320834101	0.118825235599
He	0.0342144047205	-0.0283826819242	0.0177360535906
He	-0.0140375457177	-0.00899723647295	-0.0658876643783
He	-0.0606443839521	0.0318358894764	-0.00133626814445
He	-0.0367454553136	0.0846928033431	0.0229541501498
He	0.0203100130856	0.0558516856455	-0.0301398485852
He	-0.129789629993	0.00676226473059	0.0363858778364
He	0.00162392833798	-0.0024170795537	-0.0132463221037
He	0.00124660909836	-0.019200467429	-0.0106842622143
He	0.0130129031445	-0.00919648108221	-0.015148564394
He	0.00952015247424	0.00805479063531	-0.00420645269769
He	-0.00533260767647	0.00141607397329	-0.000653716632197
He	0.0250428656531	0.0440528643471	-0.0468311341533
He	-0.0305451456634	0.0200728916751	-0.0963796757599
He	0.0187760198012	-0.0349575954481	-0.0159989026688
He	-0.0132904323391	-0.000923041440415	-0.0108304941886
He	-0.0146095988023	-0.0214117450517	-0.0086042192882
He	-0.00605194125783	-0.0418696123743	0.0377959175575
He	-0.00181374660612	-0.00940960901376	-0.00596908620906
He	-0.0117504477034	-0.00557568782844	-0.0432413913524
He	-0.054582008485	-0.0320768698065	0.015336675288
He	0.0716545488024	-0.0208653801703	0.0493477627116
He	0.00514352949062	0.000526497029529	0.00142917769992
He	-0.0240221439032	0.00829355745611	0.000854797245807
He	0.155264351576	0.0811361731982	-0.0208293500706
He	-0.00595313054063	0.00929800410935	0.0193277375982
He	0.0103620653916	0.000130079279742	0.0304022590129
He	0.00101414698751	-0.00985067084816	0.0129673132165
He	-0.137030991975	0.0572695421366	-0.121599083156
He	-0.0819154000135	0.068254345972	0.0551035842014
He	-0.0174058877671	0.0290590220921	0.0384041114681
He	-0.103474749397	0.00436522294467	0.0407281018363
He	0.00588416449677	0.000339286640691	-0.00112713547135
He	-0.0228747612099	0.0553615750575	0.0347141547632
He	-0.00631502255118	-0.0432717455312	0.0390638010006
He	0.0130648599099	-0.0378624871264	-0.0440182310974
He	-0.0235080387577	-0.00973658724952	0.0201489166567
He	-0.0292147488843	0.0323646285638	-0.0285368615206
He	-0.0246298358405	0.141015014441	0.0131895390664
He	0.00620481665825	0.0290606172367	-0.0195043904628
He	-0.0196360996428	0.0168117184982	0.0400816928068
He	-0.0142221449323	0.0226649937244	-0.0573597643182
He	0.0233423963726	0.0160111388648	-0.004291290469
He	0.0577744145169	0.0744547890429	-0.0187888943379
He	0.0157766767403	0.0381434417702	-0.00230513777703
He	-0.00120171807578	0.00448112162731	0.00790959384093
He	0.0522311394438	0.0309219765358	-0.0363064697532
He	-0.0233036088165	-0.0167504978603	-0.000945504794423
He	-0.00336265910129	0.0121907728002	0.00406590300163
He	0.0137955530676	0.000729058125113	0.0305408571022
He	0.00326936283514	0.00189078182496	0.000571188622786
He	-0.0393537543027	0.00768785008853	-0.0753224725525
He	-0.0309885425034	-0.0663764500738	-0.0115192580545
He	-0.00252282009972	-0.0376909529134	0.0215760549937
He	0.00257796371341	0.0465356551392	-0.00692238726434
He	-0.00388240784165	-0.0112029559508	0.00927965483895
He	0.023473482555	-0.00640302563481	-0.0438255988002
He	-0.0110844766485	0.0249910498523	-0.0221620554876
He	-0.0119406059142	-0.0595287045498	0.0107275798612
He	0.0289308340339	-0.036522931842	0.0258618767661
He	-0.00970502040046	0.0830152772869	-0.00674356361207
He	0.0308518248027	-0.0218296446303	0.0100576602288
He	-0.0404941657727	0.0161746297776	0.0251938487696
He	0.0124969635238	-0.00633928539782	-0.00196365691464
He	-0.011116870238	0.0419126738244	0.0296511037001
He	0.000685147366635	-0.00719819865145	0.00166803209244
He	-0.00456485763914	-0.0470029371947	0.0516151759008
He	-0.00806957686213	0.00965404769336	-0.0267850017196
He	-0.00276437116033	0.00323044524147	0.00237904069765
He	-0.0797838366699	-0.0414759601599	-0.0395079944382
He	-0.015406190454	0.0245484225947	-0.0773032106475
He	-0.0220768685854	0.0626070317876	-0.0205886089464
He	-0.0550140950738	-0.05010236735	-0.0416599175545
He	0.000350277749625	-0.0140183590783	0.0138793585118
He	0.0376487706313	0.0517162492885	0.0394799642523
He	0.070280305194	-0.0366839876261	-0.0147617887212
He	0.0827321371387	-0.0586589118639	-0.110133343082
He	0.00688119648933	0.031505003727	-0.0449037843879
He	-0.00518852804292	0.0240896754462	-0.029252718486
He	0.00223195754484	0.0732702444854	0.0591841851722
He	0.0176722190036	0.033717820774	0.0195763527424
He	-0.0236928048351	0.0117906725707	-0.00472879503219
He	0.0456370826861	-0.0138117507609	0.105470242497
He	0.0146710799578	-0.019858835963	0.000797783528925
He	-0.0138754603221	0.0298985234485	-0.0017314605494
He	-0.00641225407972	0.00108037113881	-0.0190900357267
He	0.00765891498428	-0.0128554351879	-0.0103258321387
He	-0.0283178524507	-0.0303654036327	0.0104668457882
He	-0.00597515926701	0.00510040034679	-0.00332168498692
He	0.0119768206178	-0.00182347154932	-0.000666755796332
He	-0.0486238338949	0.000605425814373	0.0380015936519
He	0.0180284454976	0.0104965984399	-0.0233137655968
He	-0.0114990782605	-0.0291774568308	-0.0135965402507
He	-0.0695412470305	0.155772345505	-0.0160025912407
He	0.0261701512418	-0.0639309726866	-0.00362348189208
He	-0.0509794712628	0.0154732656703	0.0204473522883
He	0.0255186589296	0.0268777498843	-0.0206764368848
He	-0.014812914313	-0.0183165443242	-0.0284535020304
He	0.0113774678204	0.0146499666141	0.0112974506889
He	-0.00449941619705	-0.00816454383899	-0.000890695782889
He	-0.0066243760747	0.054557292899	0.00846739536281
He	0.0131530871301	0.00147039596688	0.0379209440623
He	-0.0116285498137	0.113307788688	0.218080332143
He	-0.0148038135735	-0.00914732902414	0.000503145235139
He	0.00922432493883	0.0149315286407	0.0123567654179
He	-0.0576151273491	0.0236210265967	-0.0311945706817
He	-0.0226600298458	-0.0465058169956	0.0191610710988
He	-0.015372597509	-0.0361539667613	0.000961845219566
He	-0.00621870189287	0.047122277788	0.021163709867
He	0.0189130809823	-0.0570300352968	0.0452081600941
He	-0.00267114684919	-0.00377611253987	-0.00743533610259
He	-0.136419506191	-0.139613207147	0.0237299005493
He	0.0031595695173	-0.000109674500711	-0.0095306526848
He	-0.0413303892022	0.0203870859447	-0.0191057064046
He	0.00500991284225	-0.00974139245197	-0.00910868575129
He	-0.0240814080497	-0.0329773994813	0.104627496801
He	-0.00986962755616	0.0124365161924	0.0134639182292
He	-0.0171160369823	0.084526603581	-0.00306223891792
He	0.00152526941055	-0.0634718721873	0.0568001631319
He	0.00369289994723	0.129687359721	0.00821160566596
He	-0.00890212561751	0.000397312545284	0.00441546614171
He	-0.0106541269795	0.00133562911299	-0.00621511046331
He	0.121827218619	0.0010458115222	-0.0649096455209
He	0.0123997201178	0.00281284126593	0.00545965948343
He	-0.0663814787189	0.0222442058171	-0.0672817713503
He	-0.00487381610841	-0.00240549432008	0.0138801229764
He	-0.0199457122548	-0.0117199352381	-0.0163678092099
He	-0.00138832301946	-0.0368992235534	0.0475718796709
He	-0.0539828186453	-0.0979784980144	-0.00158789786023
He	0.0441165962542	-0.0657946766134	0.0923023198151
He	0.00884852479896	-0.0144868127676	0.0220211165937
He	-0.0622339729724	-0.0427767584568	0.0161441455978
He	0.00318724586344	-0.00230514307635	-0.00787480124765
He	-0.0230137257569	0.0376210616692	0.0429518076325
He	-0.0262819186988	0.00305922167114	-0.0331961515889
He	0.0399539830705	0.0334140960723	0.0112642088418
He	0.00284874862253	0.0144018016362	-0.0140216628122
He	0.0095100624028	-0.0122261260117	-0.00277327875967
He	-0.00626909416235	-0.0262359016462	0.0540027635244
He	0.0210342648552	0.00363109291564	0.0238065268727
He	0.0170459038702	-0.00282451985766	0.00579297332624
He	0.0153414846338	-0.0117027123982	-0.0227409485224
He	-0.00704316043657	0.0106789259105	0.0131401037596
He	-0.00858470973717	-0.00329120007633	0.0440294447706
He	-0.0198626754954	0.00431346514	0.0160308147803
He	0.0143762484213	-0.00474194599342	0.0478970426007
He	0.0112704712776	-0.000703601305539	-0.011643536539
He	-0.0100144069901	0.0168467275129	-0.00810377207574
He	-0.0276548056192	-0.0466217346066	-0.0105985991837
He	0.0119055957773	0.0241752314055	0.00354970989436
He	0.0290408037643	-0.0320934552202	-0.00504407121649
He	0.0100351041403	0.0323040656494	-0.0109319707885
He	-0.018875348182	-0.0175984967073	-0.0828598113137
He	0.00653980035419	0.0162379610106	-0.0714730636423
He	0.0248514021336	0.0351492639848	-0.0134641825264
He	0.0160495243698	0.0124433445194	0.0318884652956
He	0.0478673419681	-0.0115569879208	0.0655991478964
He	0.0349022596023	-0.0614826759722	0.0205431879091
He	-0.00765095115431	0.0254749880016	-0.00414897107953
He	-0.0143061962508	0.0121877083003	-0.0696919122853
He	-0.0565375435203	-0.0533423037618	0.059633432228
He	0.0091312514509	0.0792792219509	0.00421861945686
He	0.0548416533228	0.013570193801	-0.0490550892738
He	0.0189977496791	-0.0383075647533	0.0628149712745
He	0.00631661324271	0.0116004472381	-0.0127452254285
He	0.180805466616	-0.023042293239	0.108354277684
He	0.00545323972147	0.000682606399047	0.0534156971186
He	-0.00486115139652	0.00890111495433	0.0060727600266
He	-0.00511621699271	0.0163982968344	0.0647660748763
He	0.0157849871944	0.00114025743575	-0.0222021328266
He	-0.133935739134	-0.0960329846311	0.0178113760467
He	0.0813278778893	0.0146859593305	0.0158892024484
He	0.0250002711618	0.0266752909239	0.00923485431011
He	0.0432928576166	0.0248296480176	0.0471071706748
He	0.0473921184051	0.0076367298859	0.0664440894048
He	0.0189985654988	0.0465009067986	-0.00808319323672
He	0.0192326203421	-0.103337216723	-0.0701488237213
He	-0.039972351243	-0.108120143801	-0.184121406759
He	-0.0355829574814	-0.013337054234	0.0111659729913
He	0.0473492292666	-0.00385567440131	0.0210534512529
He	0.0269196802072	0.0134733880301	0.046268920452
He	0.000556910982904	-0.0167906627742	0.0262086134729
He	-0.00502484077569	-0.00548490931861	-0.0272786026787
He	-0.0093297070899	-0.00712752101213	0.00127714178394
He	0.0558649938237	0.000193305437266	0.0360853028323
He	0.0122517963833	0.0118423884668	-0.0452151821
He	0.0122756430448	0.042112854615	-0.0208671362786
He	-0.0174452827517	-0.0103371462398	-0.00307666742061
He	0.0338441027389	-0.00111856964485	-0.0137494863207
He	-0.0298830229223	-0.0456441105024	0.00766262915441
He	-0.023205808432	-0.0223587708151	0.00787092336338
He	0.0298364104081	-0.0223082094924	-0.0538185617661
He	0.0581147596255	0.0534117979276	0.0329779426093
He	-0.00438690520931	0.000291889764623	-0.0180052990916
He	-0.038099248568	0.0272476643199	-0.0135358801723
He	0.0102001799719	-0.0308900608655	0.0749785008668
He	-0.0968600706279	-0.0441228729355	-0.0160330319929
He	-0.0426812986739	0.034836118916	-0.00542346607992
He	0.0582821662162	0.0294073706393	-0.0443957839475
He	0.00464125862273	-0.02588143075	-0.0043365705543
He	-0.0505044327903	0.0278816527021	0.0111634487692
He	0.0238252620726	0.0582203349646	-0.0503305557386
He	-0.0478274730306	0.0680302365941	-0.078108231102
He	0.0282372105335	-0.0275541460347	-0.0187226890481
He	0.0341108095246	0.00222077821458	-0.00628456675578
He	0.0109089877212	0.000279257341542	-0.0146351827961
He	-0.0633483000989	-0.0632878396148	0.0684436036743
He	0.00627307778952	0.0380637001594	0.0570155911535
He	0.093475300226	0.00819659715612	0.0639215162964
He	0.052182208054	0.0583782793855	-0.00429425468116
He	0.0354439730618	0.0560252410905	0.035000510917
He	-0.0253993861912	-0.00733848578299	-0.0143183004946
He	0.0137988089048	0.00315323975882	0.020781637673
He	0.0613248818352	0.0345908925472	-0.0141436651856
He	0.0361910009294	-0.101665647179	-0.0626889810168
He	-0.0397226553875	-0.0450403950998	0.00584835341867
He	0.0851118894767	-0.0257833999087	0.00646164874083
He	-0.0250524635865	0.0045994207668	-0.00615147550922
He	-0.05416288753	-0.0209557542956	-0.031034619717
He	0.032141944663	0.0113509441083	-0.0560564340019
He	-0.0228083622502	0.0161886879862	-0.0656769908363
He	-0.00457514734721	0.00528387447232	0.0175748405478
He	-0.016031335114	-0.00880176238534	0.01940173381
He	-0.00314837807826	0.00213833863965	0.0310953609557
He	-0.0802960250565	-0.0341973777525	-0.130202022858
He	0.0398568672433	0.0245524586493	-0.0240614271379
He	0.0291003938073	0.0283609571225	0.0123186072121
He	0.00714104510853	0.0457981259086	0.0329862744569
He	0.00478092492995	0.0281604906169	0.00960389205909
He	0.00369068373552	-0.00800089796434	-0.00522496825582
He	0.00233010033015	0.0250216500186	0.0600699480775
He	0.015709298329	-0.0303037651343	-0.0151716350779
He	-0.0467573618822	-0.000777630162333	-0.0163098609001
He	-0.0304254811134	0.00805569935849	-0.029309981053
He	0.0656639385347	-0.0561879328502	0.0178187299284
He	-0.0145556059167	-0.0077959957049	0.0720885887577
He	0.0730269866577	0.049322626949	0.00340776737018
He	-0.0207104800284	0.0345408070285	0.0119159697358
He	0.00359023617221	-0.0125589200534	-0.00823068797341
He	-0.111995110723	0.0159854662863	0.0822222926546
He	-0.00502289692987	-0.0170985660571	-0.0555922141382
He	-0.11554302145	-0.0658593830294	0.0371058255831
He	0.0370784748638	-0.0288889779154	-0.020498973886
He	0.0494545991755	0.013722480359	-0.00205855973032
He	0.0491160558848	0.0541302580971	0.0226921065505
He	-0.0274172480854	-0.0134096553759	0.0175264104411
He	0.0311742145	-0.0288267229605	-0.0231207459961
He	-0.0183873019084	0.0178573183992	-0.0140293093452
He	-0.112467212877	0.00626469226457	-0.0603083168422
He	-0.0361958110755	-0.129236971379	0.125498432612
He	-0.0139026687032	-0.0131802441717	0.0159777622506
He	0.00510977279171	-0.0198026695363	-0.0210579179881
He	0.0026791573055	0.00541547423881	-0.00128932228563
He	0.00632325561548	0.0187141998378	0.00781786490044
He	-0.00593511796337	-0.0191293518382	0.0141823814191
He	0.00454803571985	-0.0672802234252	0.0242254551796
He	-0.0403612855622	-0.010875802891	0.0382593026461
He	-0.0310908101327	0.0198591083371	0.00490707177241
He	-0.108418475735	-0.177715344875	-0.0383071485471
He	-0.00962548050938	0.0142424285981	-0.0227676886846
He	-0.0187498652845	0.000593402569521	-0.0254902075507
He	0.0531534935127	-0.0116226289654	0.013152693716
He	-0.0499705007099	-0.0453228321799	-0.0296834735242
He	0.0116777146627	-0.00483991744438	-0.0236157864559
He	-0.000230329738056	0.0102024279798	0.0198954752918
He	0.0313405045288	0.0184579370615	0.0720192960905
He	0.0255462427858	0.00380183252627	0.051485345199
He	0.0150036284175	0.0361353980268	-0.00611959723009
He	0.00674645985106	-0.006151049032	-0.00988759588877
He	0.0201029328894	0.0678280432136	0.0245907390791
He	0.0345645386222	-0.0239604250858	-0.0225635294413
He	-0.0256136263053	0.0156830522536	-0.0346213286219
He	0.0786901245656	0.0720357752937	-0.0744218997122
He	0.00888169375701	0.00960790663057	0.0258939748099
He	0.00355930123467	-0.000651325758739	-0.00484779500991
He	-0.00270602197558	0.00817496091693	0.00215481131261
He	-0.0334753893202	0.0114415663122	-0.0472485543121
He	0.0579687999867	-0.0512893627854	-0.0185800111369
He	0.0063574549176	-0.0066004913724	-0.00684296737041
He	0.0330408695791	-0.0292232680935	0.0337146314805
He	0.0329422095634	-0.0240011379121	0.0157119834319
He	0.0250534246241	-0.0729716277492	0.0101383518747
He	0.0532462369624	-0.0262053837633	-0.0703852539271
He	-0.0653895182916	-0.0313659079304	0.0537464914931
He	0.0405610230443	-0.0100400142681	0.00518217972712
He	-0.00573635628298	0.0154973957041	0.030908163301
He	-0.041356367376	-0.0243564805308	0.0238611686507
He	0.0403689754195	0.132801150805	0.0182265929793
He	-0.0025924387015	0.0204716955871	-0.00806737080663
He	-0.0980089000176	0.0503094020288	0.0137383024163
He	-0.00432047791198	-0.0200255647522	0.039656723032
He	0.00308839125498	-0.00341478905589	0.0143647818265
He	-0.105295168827	-0.136533314763	0.0622526847948
He	-0.0052182201569	-0.0223687194779	0.0260028820656
He	-0.0268737896593	-0.0186573677655	0.0298856656788
He	0.103523194255	-0.0216392290419	-0.00219708583935
He	0.0268169602187	0.0489434324271	0.0417590177261
He	-0.0119415967458	-0.0847727961348	-0.124123973988
He	0.00992118147211	0.011778019803	0.00994243855076
He	0.000514978419032	0.000317337511583	-0.0032561423356
He	0.000935706280236	-0.00166964636129	-0.0178364929747
He	-0.0583845295236	0.100552109122	0.0988757684947
He	-0.0322599295179	0.0330245964963	0.0121183082004
He	0.00326483026131	-0.00378179802063	0.00575981559212
He	0.0493650702774	0.0511347171678	-0.00563767640471
He	0.0788008275439	-0.0346623650769	0.010215024561
He	-0.00713657641986	-0.00941844091423	-0.0285350100241
He	0.0259765193844	0.0100332133848	0.00449275745448
He	-0.015401151684	0.0181485708747	-0.00481485124993
He	0.00658595001435	0.00425907957438	0.00483366095162
He	0.00857452202468	0.00696724740611	-0.0205107782199
He	0.0229542785836	0.0212555075038	0.0351135285533
He	0.00497373410701	-0.0184926471586	-0.0111617227299
He	-0.00810911824299	-0.00293445935557	0.00281416620969
He	0.00435143709656	0.0238418604408	-0.01379357593
He	-0.0588916720579	0.0251995837202	-0.0695499386434
He	-0.0155264451574	-0.0556543371398	-0.0548474165749
He	-0.0470362942476	0.0497690966479	0.0150788646805
He	0.0467641927464	-0.00617482246638	-0.00190354320442
He	-0.00923260153344	0.0174616548364	0.00623065695747
He	0.0204323869861	0.0268861630785	0.021620480193
He	0.0483370579611	0.0240716677505	0.0201243237568
He	0.122934115881	-0.0527486115948	-0.0532608319796
He	0.0481332763166	0.0160815928007	0.00422686961657
He	0.00110123964898	0.00433894197244	-0.00457114096325
He	-0.0115274357553	-0.017030798569	-0.00653976892117
He	-0.00883373304891	-0.0354972780678	-0.0458377186439
He	0.0168729527031	-0.0501507452434	0.0611036349182
He	0.0527962286281	0.0138453854834	-0.0144590016557
He	0.0359177308254	0.102367253739	-0.013805648775
He	-0.0331631485531	0.0149704531405	-0.0198938646179
He	-0.044967141167	-0.00583468800191	-0.00395627710729
He	-0.0273344810149	0.055666980041	0.0327759582368
He	-0.00284626741977	0.0519724948573	0.0794919052223
He	-0.0437441464705	0.0245856919572	-0.0137080819989
He	-0.0127702906175	0.0100283969712	0.0176440140479
He	-0.00216090289007	0.0122250167961	0.0164286785949
He	-0.0329724351426	-0.00192785284576	0.022692998367
He	-0.0342727472752	-0.00693149507756	-0.0102441178134
He	-0.0233829065031	0.0229776751685	0.032141633075
He	-0.0190939838893	-0.00421003555846	-0.0123942220766
He	-0.000621905206482	-0.0349192814168	0.00602404511997
He	0.00357208757949	0.00184746890066	-0.00925389479503
He	-0.00424768159691	-0.0116779474447	-0.0220312086716
He	0.0420561151771	-0.0131880758444	0.0116644602232
He	0.043759545868	0.0721885715236	0.0168066674751
He	0.0188125335596	0.00272732854746	-0.0223984310446
He	0.101411195726	0.00166028373297	-0.0839933343586
He	0.0236025183576	0.0271943380688	0.00279159682306
He	-0.00765608066104	-0.00876993380461	0.00756122471663
He	-0.0875466012133	-0.033951404655	0.0437076562992
He	-0.0222013984484	-0.0266115237521	0.0151375815446
He	-0.0461219316435	0.012271965198	0.0435269782188
He	-0.0252953422213	-0.0182997596681	0.00736050244475
He	0.0499761271064	0.0379879319282	0.0331979094401
He	0.0257179264944	-0.0689464707421	-0.202407720192
He	0.0483621774061	0.0220378798158	-0.0202104043873
He	0.0248742105012	-0.00110174452487	-0.0133416541812
He	0.0102864174389	0.0119479483607	0.0335429557809
He	0.0412137987238	-0.150496913344	-0.0858041552635
He	0.0497506672304	-0.0034865236028	0.00427426849385
He	0.00930146998411	-0.00333384157783	0.00834545001082
He	-0.0234131134266	-0.061946532411	-0.0397058931565
He	0.0289474478885	-0.0663742673999	0.0794943766105
He	-0.023486830389	0.103262844479	-0.0550669072721
He	0.0729467652755	-0.0171932534889	0.129482576975
He	-0.01158509031	0.0051471557363	0.0591642469448
He	-0.00639242011004	-0.00780999640709	0.00271483860001
He	0.0654568995548	0.0481028808536	-0.00748082710271
He	0.0173017281405	-0.0064188650788	0.0504366342453
He	-0.00619758482269	0.0159965645339	-0.00662035332056
He	-0.0505550821854	0.0994948023058	0.00827753708709
He	-0.0221528193434	0.0152072014484	0.00607126679502
He	-0.00551339105745	0.000710068925377	0.0271291124577
He	0.0411321772814	-0.0702012400646	-0.0683191201585
He	0.0655050563702	-0.0277925746493	0.104196148318
He	-0.0138878212455	-0.00333784322044	0.00564460561414
He	-0.0227700951783	-0.0417276092505	0.0199760670868
He	-0.0361290427834	-0.0264161420886	-0.0342373521546
He	-0.060284477136	-0.0160635777855	0.035096445077
He	-0.110336030574	-0.0391194499308	0.00176684697957
He	-0.0822472470556	-0.0384650881364	-0.0383711231841
He	-0.00552848861117	-0.00796735647131	0.0035714614012
He	0.039973331741	0.0197415475458	0.0140312586298
He	-0.00816303329318	-0.0013753027526	-0.00701552535267
He	0.00677709348068	-0.0447324227469	0.00177464076321
He	0.0173319401224	0.0172788200091	-0.103984205778
He	-0.00546796695961	0.0336582928819	-0.00173225464906
He	-0.0739600242301	0.00442704428478	-0.0787716145645
He	0.0642475847699	0.00378076082184	-0.0869624582077
He	0.00255878345306	0.0321467919006	0.000155133619086
He	-0.0322157843863	0.00764661297284	0.0160463965762
He	0.0205298126407	0.022362983341	-0.00752525851859
He	0.00500904156171	-0.00219294815874	4.69392006444e-05
He	0.0323091717086	-0.0327790469968	-0.0397811555753
He	0.0364290094761	0.0202227273984	-0.0051295382196
He	-0.00691250981878	0.00269723722304	0.00335216115544
He	0.106646244063	0.119113833139	-0.0277045088011
He	0.00619418052631	-0.0167085488469	0.000666376082104
He	0.0322942309188	0.0161934653767	0.00323836231233
He	0.0207413699148	-0.0333630561005	0.0325297173204
He	-0.0239348186203	0.0124960282898	-0.00422752421245
He	-0.00568325539225	0.000523191273538	0.017623398475
He	-0.00836955537583	0.0358918574396	-0.0268730547904
He	-0.00449404310711	-0.0256536012536	-0.0225315507268
He	0.0472416293164	0.00542009738491	-0.00642590869884
He	-0.00554481402435	-0.0129768611346	-0.00769628749443
He	-0.0602282422446	-0.0133661011397	-0.0079867724788
He	-0.0028786044392	-0.000552101175153	7.68844828643e-05
He	-0.0259737207151	0.0319934813914	0.0020190118695
He	-0.0954525274029	-0.0258381100169	-0.0320506304046
He	-0.00254415138354	-0.0449823804947	-0.0345374914499
He	0.0303528779503	-0.0239348161096	0.0946538364164
He	-0.0536584638632	-0.00929987496555	-0.0406157614968
He	-0.0621740594826	-0.010633348833	-0.0188678771054
He	-0.00716428803593	0.0375828467422	0.0369562266331
He	-0.0193529797846	0.00117642848003	-0.00323619687884
He	-0.0231260438988	0.0231193680339	-0.0120510660492
He	-0.0065034022905	-0.094836490864	-0.0112246446669
He	-0.00491916264436	-0.00181535550937	-0.00111303349538
He	0.00384874750792	-0.0147024775568	0.060508261516
He	-0.00747558231261	-0.0145863841472	-0.0483275051524
He	0.0320261627546	-0.031683539442	-0.00977951850621
He	-0.0706394897022	-0.0432634612985	0.00221312778565
He	0.00126364555213	0.00376739354219	0.0030407795225
He	0.0152852841941	0.00516384663139	-0.0117189687886
He	0.00461221095706	-0.0218548843805	-0.0180454901485
He	0.0295040660149	-0.0304616103273	-0.0715563657218
He	0.0292003394354	-0.00220370465213	0.00106132465006
He	0.00364295925612	-0.00112959369481	-0.0500460897739
He	-0.0595499510369	0.0793640060341	0.00666870400122
He	-0.0302015712649	0.0679242737449	0.0156319512694
He	-0.0432893211017	0.0359394646955	-0.0321914008811
He	-0.0193595632195	0.0113519960052	0.0309899167491
He	0.0018838553231	-0.0188289820971	0.0200791303929
He	0.00140707121608	0.011759132638	0.00147229752193
He	0.00386589436115	-0.00401557212279	-0.0137369944282
He	-0.0296599515095	-0.0478642661024	0.0389953516585
He	0.00425383576635	-0.0307213755383	0.0112761756542
He	-0.0018742201865	0.0121428094527	0.000488277093369
He	-0.0801830676699	-0.0430723789187	0.146442159124
He	0.0432350009256	0.0240495414882	0.0129331614636
He	-0.0103404035815	-0.00608660827938	0.0179762425294
He	0.0738100521782	0.0862526083517	-0.0962740695788
He	-0.0601719040702	0.039700245143	0.0555630455259
He	0.0183083091371	-0.0110399812732	-0.00625198479707
He	-0.000127200160991	-0.00246399255749	0.00012501180749
He	0.0311814974442	0.164843306241	-0.120167524286
He	-0.030985429346	-0.0334969932789	0.0363094093741
He	-0.0110881225991	0.00284253418857	0.0296731922825
He	-0.0412173604102	-0.0451763627219	-0.0125662491349
He	-0.059974828069	0.0364369375811	-0.0886744237107
He	-0.0135114899381	0.00334462009244	0.0049459366025
He	-0.00924570593087	-0.0124336370421	-0.00144420554547
He	-0.0100924767299	-0.00682708127612	-0.00257397327629
He	-0.0627574003741	0.0725808807531	0.0132570107926
He	0.0206163361416	-0.0267416068542	-0.0248329862231
He	-0.00501124073712	-0.0424886176677	-0.0191492628088
He	-0.0386573426682	0.00376600508439	0.00977715557357
He	0.108246788568	-0.0109001982131	-0.0597925930976
He	-0.02417927375	0.00440212314946	0.0440151323266
He	-0.0306392800557	-0.0196368030902	0.0873409471065
He	-0.0958441621342	0.0992302708662	-0.154525493963
He	0.0303238473852	-0.074858178317	0.0223021868232
He	0.0034520450929	-0.0436447772652	0.00579499890469
He	0.00372878933077	0.0109924835072	-0.0164467148062
He	-0.00422901502585	0.00853271628588	-0.00287950441113
He	0.0078754821037	0.00299899165078	0.0150549212419
He	0.0135943986396	-0.0116960771934	-0.0093562018147
He	0.0461657085204	0.012399443299	-0.0295346090493
He	-0.0366766647961	-0.0370044160532	-0.0294995890988
He	0.0305043580923	0.0226069538905	-0.00381040564561
He	-0.223783759127	-0.00616257378702	-0.02358531627
He	-0.0113904343267	-0.0140501322137	-0.0511605297047
He	0.0251451089513	0.0170176478504	-0.0233884591512
He	-0.00546607703711	-0.00596855894285	-0.0260854002332
He	0.0521880339543	-0.0238582470738	0.0205673137445
He	0.0357571026015	-0.0263279240608	0.0170500188148
He	-0.0192308840392	0.0178523961322	0.0303305742837
He	-0.0566391084863	0.00441684350116	-0.0239310913323
He	0.0113743886993	-0.0428404886177	-0.00299442967832
He	0.00424189869576	-0.0325456760954	0.0211315339279
He	0.0238861690644	-0.0715232478459	0.0131305401508
He	0.00570166670853	-0.000278089112359	-0.0073973487207
He	-0.0170612842817	-0.00865599083965	-0.0819919442269
He	-0.0306247685445	-0.0396581824247	0.0143203115115
He	0.0228785307168	0.00556301657376	-0.00131462308218
He	0.00238768002273	0.00193412750195	0.0108464456175
He	-0.0541491130591	0.0183143332212	0.0457007166116
He	-0.0127392722401	0.0234554396716	-0.0303434931975
He	0.0381821332723	-0.0450111668758	-0.0146548188217
He	0.0192667870212	-0.0149026059348	-0.011362056575
He	-0.0219586560535	0.00799487875883	-0.087232225652
He	0.0284816041408	-0.0344554076741	-0.0806288211545
He	0.0340313716977	-0.0492965627362	-0.041501410352
He	0.0178748678522	-0.0263365036688	0.00428975381441
He	0.00806178114243	-0.00571911711674	0.00485020882543
He	0.045265236324	-0.0641299543125	-0.0196847319587
He	4.43485838113e-05	0.00572742356406	-0.0111365365696
He	-0.00609189287344	-0.00393751654204	0.00461143882286
He	-0.000515355419518	0.0306790229627	0.0372310102091
He	0.0214471490052	0.00889144704477	-0.00938562112047
He	-0.000201987681732	0.00679964073612	-0.00748846921938
He	0.0488123844745	-0.0104328314496	0.0162426370585
He	-0.0677986120962	-0.0119910830258	0.00369896764089
He	0.181867433073	0.0529213539018	-0.0430464877087
He	-0.00939644568884	0.0273604508213	0.0137448736373
He	0.0459354494898	0.0117051056802	0.0200410188643
He	0.0377761949785	0.00745260154168	0.0408883199688
He	0.0150138487713	-0.0312187278045	-0.0111900779039
He	0.0618236163251	-0.0342781825706	-0.0320804944014
He	-0.0114656801549	-0.0169826125423	0.0096867175049
He	-0.171974553933	-0.0455923738187	0.0831304615324
He	0.000575348243262	-0.00661901779146	-0.0001306360203
He	-0.00398407269765	-0.0252776552959	0.0209591490376
He	0.00565976507295	-0.00927733434309	0.0110088335969
He	-0.0126833906614	-0.00536610591789	-0.00933275869304
He	0.0324720974236	-0.000473446205927	0.00300875573092
He	-0.00369720880636	0.00928668071237	-0.0187234627498
He	0.0147380662219	-0.0385233094919	-0.014691495282
He	0.0490762392424	-0.0317730912421	0.0122138160266
He	-0.0380199578994	0.000780175308377	-0.000164009567712
He	-0.0313417420534	0.0132223579134	0.0509699833631
He	0.00530346926114	-0.004313521886	0.0104853514809
He	0.0632021592384	-0.0363940930024	-0.0331590432593
He	0.017254123379	0.0137345752004	0.0119972214421
He	0.0146097519038	0.00530929100486	0.0302195986455
He	-0.0207082895437	0.0382249029967	-0.0521565229077
He	0.0286318185407	0.0593772387568	0.0280374789895
He	0.031956644192	-0.0160740524033	-0.0187070798487
He	-0.0275427120831	0.0249164839311	0.0078281734266
