STEP 0
He	32.6620979507	24.2384190653	20.601090991
He	0.958537767622	11.2148260576	5.41037676614
He	5.46373273147	32.473745802	32.272537512
He	23.157595598	21.4619671734	19.185742681
He	20.9693792832	27.2234935801	27.7481578493
He	10.1806265591	32.5472303056	33.1619902222
He	6.11326817287	15.0088462099	3.43494656338
He	32.6292259125	27.8350741752	3.87531204766
He	0.202429969381	20.621413515	27.5031538584
He	11.3529576586	5.93529451715	26.8673058778
He	4.62783516813	8.56599691483	29.5567645792
He	7.48875970919	9.64130991274	27.2135324157
He	25.4070729527	18.5276244942	5.616852942
He	20.7923501708	16.8493239919	12.7680394349
He	12.456653738	4.75923688255	16.7860169578
He	14.0571816594	10.9419442785	17.0178495308
He	12.4840623492	31.3864579762	3.78072770917
He	17.496929894	35.6817924957	31.6841935733
He	28.0694934059	26.8950677382	4.10099139641
He	28.2749888369	1.04680674759	15.5024070439
He	23.7858958467	19.5932204313	27.3808985481
He	9.42242652864	23.509798646	31.167074113
He	4.14628430246	34.014301061	10.6263688711
He	32.3784418777	15.5709081103	26.1101659081
He	9.25562208079	28.8355127659	19.202536386
He	15.6848331359	23.1581683028	27.3138793148
He	3.57014430914	15.3721350464	26.9437069492
He	22.3979445652	11.6043165679	5.5669280492
He	11.0693673986	8.50966303233	16.3546689365
He	4.85042024611	2.4975935963	13.5925780396
He	33.2465853332	20.9809549791	18.658963628
He	22.4309210106	2.16433570334	24.365996232
He	2.03157376879	20.049077888	35.6295729295
He	1.26309903204	35.4466748047	3.8461394918
He	31.8871230306	13.0284803188	18.8624071816
He	3.76284190477	5.30124874701	21.1546895599
He	7.35811605366	18.5355570373	20.5062393012
He	7.61055273059	25.5601335948	18.7152882993
He	25.421445441	12.2631528335	3.00216605924
He	17.6923973765	8.3303455424	19.649109974
He	4.8830261792	24.2607157302	7.80231983776
He	35.2342295919	4.34030733643	21.4116422277
He	5.12706019175	11.7513851777	11.5536291104
He	21.7703922826	0.6643915626	18.5486311274
He	33.7067078933	28.8094284186	7.87753170376
He	9.35078708802	24.1222852266	6.594742393
He	6.14563807499	28.9961174685	17.8796636914
He	25.7326286064	2.01153626079	32.9081839404
He	3.52881858223	19.3300191283	26.9667926067
He	22.4835199559	14.9303312547	1.3269900804
He	2.66079886636	29.785045228	17.0135052116
He	6.65270800592	16.0241438339	10.4839873148
He	2.24810317598	15.270703675	10.6106420096
He	3.8908120807	12.6565099354	23.824833777
He	6.60903509355	7.31563195581	17.8063841336
He	3.71134052407	35.7451133134	16.4744908791
He	31.2340966274	14.1220546018	15.0946027835
He	5.47654601863	13.1756114313	35.9927606402
He	24.8195310781	19.9766576853	8.88263573245
He	26.0667676693	22.3391245636	17.8163554585
He	4.25832230311	11.5101277576	16.4663142998
He	31.9046370278	10.7570363746	2.06013222235
He	19.9577130081	29.1246816173	8.48764778092
He	32.7773764945	35.6844406191	26.6671350701
He	30.409891388	28.8016925792	17.0079421649
He	34.0321853799	9.20329841665	21.5595208396
He	13.6350424262	32.8776733464	10.3650229212
He	34.974035769	13.7513855654	28.6232176591
He	29.8829463023	25.812048282	26.2695623934
He	10.334645273	18.9791542864	23.0348527156
He	17.9874092771	2.11358391447	9.65954461037
He	26.7277615556	32.3969033423	28.5092671323
He	29.5302517853	13.6264105648	25.1250803303
He	33.1025139744	18.006520456	5.73873226721
He	12.6268683317	2.38991989814	19.577295994
He	22.4656580731	25.1566798761	14.044784508
He	28.9030957606	25.3668072092	18.9150309011
He	12.794371271	14.0842263105	18.0766015699
He	34.294278438	24.6499224795	13.7737578937
He	21.5510965276	32.2452049154	7.32958948319
He	14.9649711518	5.2995743772	1.44324441606
He	30.4606085127	12.2249057934	8.11929698525
He	27.69748543	3.26471140496	11.4025719229
He	13.0667094228	32.3468320905	20.752797801
He	0.489415710245	26.6914907236	6.78450097539
He	7.56678683009	17.7756580816	16.4538828906
He	22.4883120403	6.70741737546	10.2164085273
He	32.9864871216	17.2487298853	19.3523870408
He	34.7407723774	30.7029080776	16.6236791296
He	6.69837944542	16.9948129198	24.7655300035
He	30.8876469405	12.9643493998	32.8655459186
He	30.0932789468	6.0160290724	35.6716714076
He	16.7590431291	16.4841686119	4.77074230524
He	25.1840808204	27.9986170619	32.8689786402
He	14.6114919069	29.2500365598	10.5904796123
He	3.17844827229	5.44326411128	8.98094158326
He	34.6801529442	12.5059656765	32.4894802934
He	1.31000051491	5.31104636975	18.8343581172
He	13.9068975916	4.11620278957	9.73599014112
He	35.6771390754	4.85652382045	9.14829682048
He	25.9035931717	23.7546098442	25.6946254353
He	21.8407516472	27.9789746741	4.29671345896
He	1.23939465953	3.13216016335	25.920404588
He	14.2526138058	13.615082837	2.67771094568
He	15.8161799129	13.9504350941	7.10447551742
He	29.1456392089	13.3298570945	3.58189909409
He	1.46561374181	26.584196404	20.6703108233
He	4.82184650567	12.2965944178	19.9127689013
He	11.2958116697	7.05485507711	33.364738362
He	22.8162407349	7.77451420459	34.4899757059
He	4.75063175703	35.7514433394	6.10388087262
He	9.76018243916	14.5435052112	16.2265354984
He	32.1349662558	35.1737431974	11.6777337413
He	6.91991336564	5.83482658804	23.5723919789
He	25.0143195739	8.52210906663	4.93094052744
He	1.10804385469	8.79602681734	27.9084428928
He	22.8762860191	8.57647839328	29.1077488827
He	18.7745724154	24.5122833963	25.9132296646
He	15.441593244	26.9630605644	3.26509050884
He	17.9368683928	33.8656035092	22.2692975553
He	11.1826440669	3.89320563374	23.6426030781
He	5.608397116	9.49267769531	24.1216941943
He	26.3902224051	19.8202251646	19.7900736838
He	5.43989832893	2.25353065157	20.3275181162
He	26.2101740224	31.3602861089	31.9756145593
He	5.86769363047	5.2555872795	32.0217042794
He	23.7544103928	33.3310989049	16.8967127848
He	29.5241696908	29.6551343086	25.5387559965
He	33.5264023957	3.43039175006	27.4681466335
He	9.14691102646	2.27788540934	5.40528166409
He	21.02025143	16.8721004175	26.8693461579
He	32.9585743323	22.7523017618	25.4727180106
He	4.91948628104	9.53026483409	8.16372383457
He	6.44863689631	22.3190908065	4.15707174673
He	32.0403799206	19.9142674697	32.9885881424
He	18.9760671112	9.68267982001	4.54859492312
He	5.33564579839	20.9324688127	17.3118203288
He	15.9207667057	4.17692284999	34.0606250017
He	13.8960189485	8.49675502982	26.1845204018
He	29.4290088183	7.76583085005	32.0794639944
He	23.8861060104	34.6800431661	31.2070361184
He	35.7887899421	16.3366692116	16.9928578747
He	26.9219962412	7.28150243566	35.0139608868
He	0.269457590235	16.9938455222	7.65716851323
He	5.87629491791	0.809788240922	33.4270309795
He	13.8514047636	1.61714364329	33.2899697613
He	14.3374206592	1.8722207267	23.9327208659
He	4.43585149243	6.75961289706	14.8026004515
He	14.5143824295	8.60368164647	3.33589852441
He	3.4987855463	4.24615680978	35.8330218608
He	32.6918731621	0.939336693431	30.3465699333
He	21.9825837039	31.602158601	28.0909605208
He	7.1196495219	1.18600207028	24.3552366679
He	33.3282988558	18.9371965208	25.1711197702
He	10.6534642003	13.2211704109	11.4293259229
He	10.4616991522	14.1711213025	23.7183350698
He	10.4639636289	13.9919806215	27.2362551837
He	26.2976771978	5.67767213229	27.8011685855
He	10.6516380986	19.3822263562	19.3890359475
He	8.4132549934	26.2949788944	22.69962598
He	6.8288736789	14.5498982653	22.2728606456
He	19.908755093	9.47832473692	11.6364757218
He	8.64214217084	3.42342586612	31.1497036436
He	8.77623102064	16.0341006197	0.49042564019
He	26.0197492562	13.7393617227	35.5550161192
He	20.3810143573	23.063844338	11.1388501072
He	23.5466583037	21.9395170409	0.0224338123032
He	5.15271401789	22.2115098612	12.4625979758
He	5.49819501239	30.2403826306	28.8152970799
He	3.68890804048	17.6084042671	12.8940660447
He	9.63368867618	4.85798160922	11.8438915935
He	12.7930993688	8.00312027526	29.5474612754
He	20.3260582555	8.3305602067	8.02278908433
He	16.312869771	23.188789577	22.6174141662
He	3.450828276	6.6302396191	25.9383260977
He	6.75221320719	5.61985864633	27.8320694608
He	26.0053047021	10.6682908014	20.331316751
He	13.9764542833	6.38942906539	22.8251091278
He	18.4392238568	28.2894941039	5.24099499355
He	4.03424283982	3.83709279518	16.6789137016
He	19.7741020807	4.92295841945	3.23176934707
He	23.120977409	6.34186751308	26.1009973085
He	35.7132893441	32.618609445	8.63900827181
He	35.7475104055	7.4649209545	1.22602118646
He	15.5674564479	5.52511430313	30.7764655239
He	8.0801863313	11.0139411209	16.1905297992
He	13.7855598004	22.6199535123	19.3730550167
He	18.0622229366	10.6006760335	16.1882565856
He	21.0957610515	11.0740546442	18.2321972116
He	2.38933740976	23.7611985609	35.1471090939
He	32.5293398646	9.50928721633	17.3206553522
He	3.49497794679	1.53806832236	30.2127810556
He	28.1836289301	15.5987011097	15.9090303865
He	9.67551343921	22.3414962814	2.64360083828
He	1.5728678639	8.78685651124	14.1039565127
He	0.617556465818	33.2935703141	14.2821240591
He	29.9145094283	9.28740527833	19.8987038824
He	21.6235868541	22.0861416337	5.29699887023
He	5.90727866866	20.9654294412	0.883624264931
He	21.6609403971	12.4084201031	27.3284391527
He	6.07182129984	5.01284137858	11.4904450451
He	19.7831493466	12.6246710467	13.7731901316
He	29.3376795322	23.9840714263	12.1397876379
He	4.05180345174	18.3290222243	19.1786008353
He	21.7527382311	6.06865990155	31.1467093772
He	20.1001916461	25.0517268465	7.56448197692
He	26.8622825517	23.3967937917	9.59606786652
He	31.0379037664	31.214642978	5.740388488
He	1.67523143702	15.9563750522	19.7409030726
He	8.40099942783	26.4372575351	29.1148323319
He	9.18253684023	19.7089764516	29.8391074196
He	33.8401076265	26.4420234019	31.7351409178
He	7.33604830205	13.3306992689	8.20993880721
He	4.26749720978	27.8076428459	7.83941904845
He	19.6435788422	3.25490350912	33.5197808201
He	1.60899340971	32.6532312184	2.1956674481
He	20.3122682857	12.1705549084	2.13489203077
He	6.11826419502	33.7691339073	22.5937899029
He	13.9117001556	18.5509291018	26.6891541111
He	26.4663378806	27.8621289648	18.9505621201
He	20.9475594104	28.3531200713	33.9436000738
He	31.1696837224	0.733407114098	22.2778813902
He	5.34875371968	10.7190941162	4.43575791447
He	34.194706738	33.100366869	4.18321672518
He	19.1914623427	11.236103824	22.4561362882
He	2.39489429558	26.1123731308	15.0673578937
He	18.7273949098	32.9147176362	5.40245591973
He	34.1289167403	17.2685037337	29.1303657534
He	3.23844010551	15.9071730274	23.3438842175
He	17.0084582801	31.8782553613	30.7208688348
He	7.09974607864	20.8704920128	25.016264682
He	1.29368229089	22.3285561613	14.460016206
He	17.4039484853	26.8721047524	35.5014039365
He	13.0687914518	16.9237311298	23.2737895272
He	27.4168404653	8.22821919356	17.6128323215
He	0.475428441133	28.879610054	25.353861201
He	25.1092922307	2.26276603357	1.65295634199
He	19.1841745401	5.15238071071	19.9620501418
He	34.3483937417	23.221630534	33.7397809089
He	34.7732665975	26.3759908773	10.9229527792
He	16.7114164567	23.5163298951	5.46239090122
He	22.7183437568	20.0035697363	12.2485705904
He	9.34940329987	23.409966209	35.1633012013
He	2.78438175155	2.27070083989	22.9932445677
He	28.8663799674	14.0701198568	30.2782218492
He	17.4890389617	34.01540327	9.29182321307
He	9.87612164277	8.17283669129	12.7437979869
He	5.95217531793	34.1890286367	26.7459765359
He	32.014622789	27.9321284355	0.384819091618
He	10.360131436	17.5771157546	33.2211826707
He	5.16094050353	15.0241094787	32.6739705161
He	18.2694363502	21.0370923276	26.0044297032
He	10.0482700233	29.3052170027	9.99178213689
He	19.0479282427	20.7187302964	8.75661043724
He	27.9443431331	23.5434783722	29.3712665148
He	17.460495452	33.8847281261	18.5375370259
He	28.5267802055	30.0282219405	34.4484263563
He	3.01572295175	22.0023323149	32.0372455715
He	3.82680386145	29.8591804423	25.7555566323
He	11.8613156849	29.4221446913	26.0053521138
He	8.30894874469	15.1974135478	29.6739094135
He	29.3320236195	0.721095362324	25.4779704752
He	21.4885820505	15.4011064262	23.2800984069
He	2.65567020336	35.9629904192	26.0623411845
He	23.7746188832	0.0813274176263	11.7193526281
He	2.8492691598	21.0648597193	7.57757358902
He	22.1504183533	25.2106149118	31.9621594462
He	10.3192670033	34.0011395784	22.6559425871
He	32.8832845946	14.1236936444	0.637137870198
He	8.72510546909	10.7016706942	35.3470269763
He	4.74621277032	25.833637458	4.05841262168
He	35.964362574	28.4053143627	13.8086861311
He	15.0831997183	12.3435701863	34.529059427
He	28.5334333179	33.8901282952	2.62098548593
He	13.0001033972	19.2894286364	35.9793385766
He	26.1558850716	4.4263025945	14.7640983733
He	26.2486029768	0.864047976454	8.89189706861
He	33.620925031	4.92870632515	16.7263666372
He	30.9987513188	16.6554894791	31.4412518378
He	31.9431105611	3.39422669294	24.2901481237
He	14.2169683423	17.1798394817	16.8703807976
He	22.9732627172	12.8199620541	11.9337590187
He	15.5408888031	19.8290222508	6.29841049578
He	15.5919246061	16.535759552	28.8499029117
He	15.5266015321	7.65112686108	17.1543926248
He	23.8449492789	9.04502301363	17.3740348901
He	3.82501352567	29.8561796336	21.1258022831
He	25.0484514915	9.18914214713	1.07821830116
He	29.5946943685	1.92388188726	18.9786583527
He	21.6124126469	26.3276022585	10.7902976278
He	17.2441485089	20.4903649589	33.8124632893
He	30.5887459852	3.5358925595	14.6109625675
He	26.3156787314	34.8222984568	34.656228165
He	20.3283463331	7.87002800943	16.826653968
He	27.7688169766	10.8304000821	32.2686877503
He	4.5256940885	19.4086807922	22.3188914889
He	6.68673859525	34.5632600507	18.8072365817
He	12.5143684722	3.33893205091	13.1707396545
He	16.5922894944	20.4673841641	18.1486418849
He	0.407327357011	11.0111969714	23.9846430765
He	25.6626475134	21.2899309797	2.90186790895
He	18.1548452742	1.20488138739	12.9057259716
He	22.4204288246	28.5940773062	14.3304260631
He	27.0968586823	16.3602199978	26.8527308426
He	0.884353746288	10.6823231278	30.9190940543
He	13.8536480763	13.8177738226	21.8869789131
He	31.1384785884	19.4864520666	21.3512595609
He	7.607731384	31.0596245847	26.0706172628
He	24.0124280907	26.6440666316	8.04755246294
He	14.3387017782	30.1117364949	23.0601016532
He	6.85011817595	32.4195843431	7.27549285642
He	4.99382630179	11.0024990498	33.1709856124
He	13.0527739719	6.86070245784	13.4830599751
He	10.2252063892	0.27530694552	33.0960853112
He	29.838085358	19.2329145727	24.7028464028
He	15.9955679927	3.43923946638	20.4986786361
He	22.1258797233	31.5718486028	2.07981087587
He	14.0133680267	18.8475731325	13.2108356396
He	5.72354160027	4.82139347827	2.22234833489
He	12.5611739054	25.7164738134	26.1344604349
He	31.5149679917	16.2636998338	22.5932723022
He	21.3238671881	8.13095760235	1.79040889155
He	12.8865706821	21.7137806359	24.5491498772
He	18.5665927404	4.63179096466	29.1650549857
He	25.9936281064	24.3867574885	32.5810698442
He	18.7204928482	7.82395426932	31.835925055
He	25.994625422	20.1328228076	24.2304421115
He	16.7621148397	19.2202863531	1.39941528091
He	33.0726595359	14.5281563943	4.81559926869
He	6.72937201175	0.651915939275	29.4203611078
He	1.19292081316	29.7914186881	34.9335907493
He	0.179301157995	23.1608762954	21.6704174246
He	31.5464086734	23.436065706	15.9283451618
He	33.7594304866	0.832066217489	19.2433472972
He	16.8062048447	6.56415482988	4.90928230649
He	22.0770684152	30.3038408925	21.5334058269
He	14.0212621919	17.4011658891	2.95259783374
He	8.57565571903	25.4827490526	2.96520430465
He	2.99656266977	4.89543629635	29.5782136659
He	22.8468087427	17.6724286884	16.1294139552
He	18.3414128183	1.8093141714	24.6479438457
He	34.3611538733	11.5476994669	8.74925780106
He	34.1442001607	13.6376471582	12.9206403508
He	2.65673991724	25.3790416531	28.1239952099
He	19.4980079366	25.1228076421	3.03791274122
He	7.85754851029	7.38957264348	9.75490829583
He	17.1264132339	30.2908578558	20.5676990434
He	10.4672653269	27.1969959123	0.288135864397
He	6.70632127037	33.5853553823	3.56542519296
He	4.86970985368	2.82622876282	26.8558530002
He	1.87272615776	34.5410762558	21.5919775212
He	14.5341359674	22.9342750457	8.65486674188
He	0.205736819118	26.2081863799	3.32164037004
He	30.6849103653	34.9441968048	6.60314969313
He	2.32422301214	17.5531206923	1.88608245476
He	17.0955044003	4.31810730341	16.1914754227
He	2.31460372864	34.431930334	33.0810199147
He	35.4298647532	30.93163746	22.3882202887
He	34.5794995241	0.564742074074	9.1867244367
He	9.15683476837	18.7373045888	2.89160645123
He	5.19650615141	27.7919261829	31.4752427342
He	19.9926651863	19.528853097	29.4084652721
He	21.9669043341	3.1400164605	0.311011967836
He	25.5756714746	11.7598454898	28.3389860162
He	12.5423426779	35.8443016386	3.69978774786
He	24.3845717599	10.0165685749	9.86523103782
He	7.96517459953	9.55176797366	31.8771414405
He	15.8424859899	26.8775838097	25.6338735847
He	29.3448749738	25.6599050071	8.31026803089
He	11.6497101554	35.5320968808	12.3763564333
He	34.0791885895	30.7946501416	12.1242309075
He	0.47320639639	13.9865150074	25.3255667265
He	25.7853707892	7.89110508644	14.3535722603
He	15.8359972369	35.1171806254	3.56414109411
He	10.543014074	15.8156478234	20.6961535929
He	28.810833782	3.87885439245	32.6916507759
He	16.2364846083	24.6764916615	11.4721424651
He	30.5673491195	27.8850029759	20.8794705576
He	24.478201674	16.6347656092	11.0876095661
He	35.7142245625	8.13570290321	17.5224672823
He	25.1339049488	5.874721419	2.27481753912
He	15.4414583167	4.50605839468	26.5852212959
He	14.4887086927	9.75565076199	6.75154019269
He	23.0262271507	11.0008525621	23.4266536992
He	21.1704241952	13.7089842471	9.23966865558
He	32.9982824768	30.0350478617	32.5354020325
He	19.2964016488	1.0770656754	28.1761700507
He	19.7026502903	20.9869966184	2.16765067909
He	19.4550067526	13.6145400022	33.0316994521
He	0.725163730538	19.2719662905	5.07433806668
He	20.2965925318	5.02113115916	23.7788820829
He	17.6057953547	18.4307175154	14.1458814384
He	17.8010388943	13.897382882	29.1182273058
He	29.5857649698	20.4286172981	17.7673856821
He	10.6613561767	25.7162621629	11.063834726
He	15.3156314646	35.8268479782	20.4435503
He	22.0118386767	22.8209331861	26.165205858
He	12.6384246583	33.4870294069	17.0437823322
He	35.8456120599	3.52111984386	1.95590803843
He	13.5590504314	30.044301802	16.6893445638
He	31.7582531541	6.86422644779	27.6078478626
He	29.3927932837	22.2594444863	26.3657243966
He	19.104195228	24.9865635976	14.756920833
He	28.0285155039	26.7149771277	0.719014432223
He	8.58077937429	11.2915831458	23.6093886013
He	0.157345931144	23.6234697291	30.0850290923
He	35.3379496325	26.7585094404	35.0432154261
He	18.9661280832	29.2834624036	1.3297132726
He	15.9260258753	35.155086845	35.2389774204
He	18.4015725539	33.7071765656	1.98752240864
He	35.1430014442	22.446632319	5.31155972347
He	31.5136810299	16.9052478931	2.53337334708
He	19.0448356868	6.00854023524	35.2630116984
He	8.43559199409	31.323236071	16.2744746743
He	12.4537349414	24.9200491568	3.45862707903
He	33.5958280927	4.56205284198	33.7308399965
He	17.9565109501	28.3991473469	30.4082895402
He	33.1455538072	24.6878749077	7.23625994393
He	8.24620726186	19.3009144767	12.9359166256
He	19.9577840735	23.7114897485	22.2071860523
He	24.6759254688	25.9589447056	28.4433210618
He	30.1485258011	5.69459942028	6.42686228665
He	3.63671209389	24.2398646691	18.5062254873
He	18.9364091291	1.21359873747	20.3691607959
He	3.62639610491	22.8997253993	23.5035780378
He	4.05223277906	29.5438074869	12.7080283094
He	6.72797702512	24.131884476	24.9280967239
He	23.7940446183	4.70348023713	33.7393074189
He	3.60246959928	2.030445181	3.13294055733
He	30.2900666536	24.1953895751	35.4741801477
He	9.25954372627	26.9812022349	32.8926120664
He	32.9011657712	9.05118065379	30.421691476
He	6.13736643031	25.0046444435	33.8843994356
He	19.8108650738	27.7804029975	16.6194093784
He	29.7932598786	16.8235968035	34.8015721794
He	27.3576642325	13.4107118092	9.146255525
He	29.9788577454	3.31592758633	28.4384245733
He	35.7158017331	17.0479117392	12.6443947461
He	4.00509108204	15.6664549383	16.4614911174
He	24.3571891018	0.571267544117	21.3826794023
He	30.3220224063	34.56695587	28.9197809934
He	26.3230165733	23.4995244282	14.3542197703
He	23.0529073322	30.8421668983	10.178467344
He	14.2801448489	32.4271619505	28.1278776704
He	34.0907757252	20.9164103215	22.4185422028
He	29.5246082847	30.1546895291	13.4210524041
He	16.1206909149	10.0812980749	31.9370128201
He	11.0827226252	33.4018070797	26.2968657444
He	9.23751981591	19.909829766	35.493642615
He	20.6341004529	35.8349180188	7.70334866222
He	34.0342988945	32.5666461913	30.1359037645
He	10.9771613278	25.9526183828	19.9895519877
He	26.8809953876	35.7010888514	28.7400567115
He	14.5160420734	13.8328587304	14.0763719473
He	32.370347414	9.61303747826	34.4397538418
He	31.1163860025	21.2047820898	5.69230897781
He	21.0031368366	19.3566414062	23.432313545
He	3.09122383373	15.7893986979	5.06605849815
He	25.5008616403	16.2060518348	18.3821257748
He	9.62693266655	23.7277499882	14.2988362619
He	24.8302120928	12.6000587626	17.3639591353
He	35.1639056141	20.7963083187	8.42406669553
He	6.78447195211	15.0003822793	18.2863319748
He	14.4258977658	35.5781037591	7.02411726533
He	21.0533857385	15.3535170395	30.1663441199
He	18.3631663318	15.9730078907	20.9779360488
He	9.5341100002	6.04198794192	4.5097678029
He	25.6146372126	7.21985512805	31.7541238702
He	13.8390395196	21.6941718886	2.27143862007
He	9.98168619155	4.20484992073	8.38481985857
He	27.1539947003	31.8052752758	16.9888540674
He	13.8920485907	11.9539164116	27.8060476481
He	27.450940662	8.79981708652	29.0608846539
He	20.8224280176	32.8599266262	19.1214708248
He	2.80990049539	9.15744326779	19.56609402
He	2.14919068047	0.471465460902	8.43784966088
He	7.2141679749	9.42267416377	20.5352250581
He	2.02821646389	12.603817622	34.1151253321
He	11.12424684	32.2102792041	0.452418604213
He	21.1150447721	8.10017814207	21.4460076344
He	12.5755830942	14.317797688	31.9356337958
He	33.8793828831	34.1329953805	22.8479921672
He	11.5578740396	25.9861369995	16.3618557607
He	21.4538152859	2.73101270517	12.7135972064
He	1.66380882492	0.218646122569	12.4809160577
He	24.7590808146	14.9254223066	14.8808172052
He	16.3737972347	26.7846399006	22.2797051016
He	21.8269115273	2.52735176216	5.01194454591
He	5.98336800555	25.4407858773	13.5824977992
He	18.2668142693	29.6693356926	23.6776252687
He	1.0425743184	29.527746681	9.31221866388
He	8.39719134164	29.9068599581	34.8987465847
He	15.4509838354	14.549650548	26.0125048019
He	25.5074146757	6.40291357864	19.6390044246
He	25.8234935724	2.95560737606	17.9791632213
He	6.83225792119	28.9215557551	5.8870750232
He	12.1387006368	10.8431812097	32.6691840086
He	16.1622796559	30.6962661919	3.39044070486
He	22.6001118298	18.3826374395	30.9105693478
He	19.5718878185	27.3262871702	20.1013597237
He	14.6392954784	1.32388012924	15.8100818204
He	34.5819970517	25.9304250943	27.362676519
He	9.37378143832	34.6540458439	5.90996730385
He	22.331210602	6.72169183233	5.31584426391
He	34.6007215164	1.40902379662	23.4077956046
He	20.1166721865	5.87676793852	13.2691172902
He	26.9839880715	28.4994087209	29.3070957928
He	30.0443967773	17.888923571	27.8943561041
He	18.8616293917	4.89751331124	7.44872651176
He	22.5571850614	15.7914700725	33.8622180558
He	26.795639825	12.0405692836	6.33332421242
He	19.5871968087	10.4961663437	29.4204736065
He	17.137882073	8.26381046897	27.4061597222
He	30.2695877629	28.5100852556	10.0499281882
He	29.6252746489	6.61659059123	12.1655719526
He	20.2785980133	30.7905501231	12.644826777
He	5.11649171188	26.3527996937	21.2543970658
He	3.96960523616	35.0783474903	0.166750860349
He	27.4217365471	26.5857713721	15.8258973669
He	23.0200212805	22.9266542402	8.97174607745
He	12.5746506869	12.7664939237	5.79736048392
He	28.9665403645	18.7332428838	13.423068176
He	33.1246320444	23.2708028273	10.5698772643
He	15.5600878053	27.3821703854	14.9758176989
He	3.13068282122	7.71789842431	5.48310671471
He	13.0292060308	28.601866585	19.8456879911
He	12.7975360562	2.74940908477	6.44851226428
He	8.83289818398	31.7154787887	12.5095051826
He	11.9260063229	21.6878020756	5.2343380326
He	19.914168488	35.9094117105	34.8113458095
He	12.3643228586	4.06050368588	35.21508817
He	11.2571771324	21.0069502039	32.9577694305
He	15.3057834153	16.2019401401	35.7644941529
He	17.1950241628	7.71625710926	13.6443332747
He	10.7972627821	31.876561366	7.91876793259
He	12.7045479015	10.5802854358	1.33411555652
He	8.07506078686	27.8470770932	15.212012617
He	35.6423099768	1.61671753333	32.3269014623
He	24.5492649965	14.1490842098	21.6426520629
He	32.2496552258	7.47200551794	23.7698362148
He	16.7694372606	11.9056981723	19.1523953194
He	9.22164032302	22.896210454	26.917853369
He	18.8557515293	9.67881170373	34.7154810192
He	1.67522436831	25.8365390069	32.163841172
He	3.65198521262	31.5171078761	6.10066908691
He	9.91011959574	29.9244735118	22.6268735465
He	27.8440593249	7.69885962302	22.7323835426
He	30.4489405179	34.6710013755	19.6409827112
He	8.95638613979	33.895085471	29.1982325503
He	35.0286737878	20.2784507787	31.3077400919
He	19.5255349917	16.7901410813	0.441365376123
He	34.3545727635	28.1201347998	20.578230388
He	22.0842812122	29.4521192524	30.9643378648
He	10.4356593563	10.9779531934	29.6736648979
He	26.675346267	0.391998355762	4.47955056884
He	31.444024889	28.8078522037	28.5056635644
He	18.869356336	0.75469951085	16.3426539662
He	31.6558166257	25.280614661	29.5690377014
He	10.5324901531	14.6133606088	8.15062172307
He	8.55145197164	3.9917881639	19.6609940804
He	26.6450702253	26.7726924838	10.5966968583
He	14.7064803412	17.3138920368	32.314135555
He	5.30546756829	3.82353832441	6.25452063215
He	16.869015754	29.8231139338	27.0124838374
He	31.5758316133	18.0697406014	16.0175653502
He	7.37363079589	26.7994883412	10.3858499592
He	28.672922427	9.24189150441	9.91212731862
He	9.52349931565	8.09054727172	24.0032129905
He	20.6050658942	24.5078997744	34.9925064635
He	23.9978031127	33.9683670114	8.86223043205
He	33.1375123868	12.3434155163	23.0903544521
He	21.3567187384	14.7335380018	18.9439823273
He	12.5520172053	25.3999916441	31.8534093397
He	7.15518621155	1.8976036499	17.1304420684
He	33.0266602011	29.2107388941	23.8504697449
He	6.67728339539	1.41496899548	1.70655866671
He	16.9599343302	30.6698226993	16.0423728134
He	30.0903012616	20.2128868757	10.1995867329
He	28.6533896721	13.958999788	20.2996595107
He	10.6974438274	3.63202616747	2.37918607072
He	18.5841722421	16.0906795725	8.505220552
He	24.2983212491	16.4398486111	25.1871779047
He	32.2945520156	5.53407381522	9.81675334667
He	12.0483163003	17.4006451147	29.6109347114
He	17.8713583751	11.1729830266	8.77762857594
He	33.8219410376	20.479082745	14.1169392659
He	17.7830691423	2.03775018043	0.929271798982
He	0.307186657268	30.2633084498	5.17090148716
He	12.738958026	11.710062249	24.4396236491
He	2.20269231685	33.0920824097	18.0154306837
He	17.6411924266	33.0654215851	25.889838958
He	10.8711520791	2.00971676676	16.322341728
He	9.04474112873	27.345605845	25.9146824409
He	32.5318687885	31.5264258673	20.4677235864
He	20.4713231536	21.5021620676	32.7307678815
He	25.828444251	9.25605090635	25.7649439198
He	25.8243147883	30.0434389782	22.6335982958
He	6.5308420401	7.53051792206	34.7241238803
He	31.3272651919	6.88020721713	2.73517916196
He	11.3819719242	11.2158027667	14.0827462863
He	9.41648278231	12.1130102002	19.7522662009
He	8.81029334278	13.007382922	5.0054795479
He	11.2641790271	16.0698387623	13.1637206894
He	19.6622638001	18.9153368954	17.8321254962
He	23.3496474053	0.404388644512	28.0915204693
He	31.0204157399	4.29008612036	21.1271095301
He	17.1109400549	13.7980523912	11.0782372235
He	14.441490585	10.5003175205	11.983983406
He	24.2857147349	0.745805193529	15.3968744278
He	7.00875252137	21.2913271591	33.2018968411
He	30.469280167	24.5257849034	3.63573596383
He	13.7914862528	28.7302349851	29.2024857678
He	21.9897929741	3.66080357311	8.36270593906
He	29.3936564839	9.84781225641	14.4404818224
He	0.422350050174	17.5033965671	25.9837346614
He	29.9529909256	2.85048114411	8.93522132516
He	33.1762287097	6.71815673531	19.4968768911
He	2.53531761719	11.878954901	27.2299347246
He	35.3947842532	7.65500170244	4.7942942823
He	13.2951488223	23.7068613765	13.0167766856
He	33.8282451397	0.0116178263889	5.69969312255
He	2.89681223282	28.8000475066	2.71143686834
He	0.530502717576	35.9341292547	28.87995945
He	29.6393307318	16.547035477	5.63603714425
He	12.0879821735	3.24004740719	29.2810267075
He	6.278385267	35.3094217629	13.9206563037
He	25.5190168187	35.4533588071	24.6451974931
He	16.0761468047	26.769360403	7.32045886217
He	17.0377825773	8.21763335899	1.25813402451
He	33.9903297626	32.6947943545	34.4709236146
He	26.4952668641	35.735979326	18.5809015634
He	2.53361347259	13.8606389103	30.2313506078
He	8.38134764356	3.80331396111	35.1376361718
He	28.3482131739	4.45877933144	3.35992937555
He	31.6232689248	2.91425730262	1.31162067417
He	24.1219097553	25.5946853445	35.4010956231
He	4.51559939038	31.2951952784	35.7689794074
He	19.4118230273	18.4621754288	5.59946345055
He	8.33333505984	13.9969176205	33.3119793991
He	29.0419507118	35.8477095749	32.1264044069
He	13.652382385	14.2382725116	9.9922370679
He	33.8544086066	26.5545211354	17.0493199346
He	31.174009175	26.7856246807	13.7585391018
He	14.3368867035	8.17570062777	34.9522251161
He	30.1912944097	33.0153797624	23.2783029266
He	28.6234149222	9.72316022942	4.04853160641
He	6.2101729756	23.1398593688	29.158654438
He	1.24242028551	8.50736700304	8.24472057084
He	25.3855729882	13.3199406039	32.2527774916
He	24.9565480803	5.98045543971	23.3133323437
He	19.2949364469	13.1355524284	5.68943627653
He	27.8624882922	30.1314094803	2.51345943512
He	23.7421686822	22.4897167225	22.6331339884
He	27.9522965998	22.4075087854	21.549094108
He	24.9262453921	23.1243989312	5.90076391599
He	27.3791065386	19.8951875246	30.7837820353
He	9.22150609378	1.6299291023	27.1803090766
He	16.0791888667	26.4551500363	18.5973038843
He	3.42521343947	26.4716794685	24.5579870703
He	26.3620202396	16.9174622312	33.5694297994
He	22.7723789921	9.85918501224	13.6218551706
He	12.0515556382	17.7289708962	6.32939486862
He	9.28964502153	17.1718877383	26.9919454911
He	26.0997150626	12.8497237142	24.9287426779
He	6.11770780393	18.0159683864	29.3064503531
He	14.1155371025	1.45368938381	0.974816931147
He	22.4206785184	10.5806532571	31.789164098
He	26.4881876942	11.5509977033	13.4484714823
He	20.4544740629	8.73381094051	25.0848294886
He	12.3454274703	29.1239024283	32.648464771
He	33.7897367146	16.8792405661	34.0219520153
He	1.63973320985	11.3877925937	10.917613848
He	30.1503866944	27.1119145599	32.1709671592
He	28.8764904859	11.2803145724	0.170579243237
He	1.54789633195	7.915533791	22.7096053998
He	0.828479034941	5.31082664753	13.0548670464
He	22.579277398	15.5083680029	5.39362180727
He	0.534398178991	23.5949535176	25.4157577865
He	0.697508172809	23.7162087927	9.13427166333
He	13.6140503367	33.0712945586	33.5287973106
He	15.5265646141	25.5151738763	30.4504083099
He	19.4746665792	21.3199512043	14.6744320231
He	15.9700202854	10.108573467	23.5304900724
He	28.2719281442	3.27858311607	22.7614523855
He	6.65980072465	22.7923279216	20.7733230216
He	35.6408003255	8.1633594354	33.2094576464
He	6.38842983915	27.6323954459	0.786172852389
He	28.4185999245	18.9025659835	3.2286955718
He	30.2969636867	25.1401507908	23.1933405311
He	23.5010787061	26.0340067323	17.3715050694
He	19.1115219577	0.410351981022	4.22170434401
He	21.9207151258	17.7480773628	8.14088967792
He	34.2633313151	34.1458531224	17.5551294556
He	1.49185344005	4.26538547851	5.63855432029
He	31.9432171581	0.214961471389	15.49356138
He	22.9548644912	12.0005570428	35.5036036264
He	16.7333319256	23.7925080089	0.691131671718
He	27.7372927928	32.4959152097	6.90524872281
He	27.6272962684	35.3628505245	21.6580495303
He	33.6697270194	24.1735481616	1.0399285567
He	25.9625695176	29.5655465289	13.8775378037
He	25.841527396	18.2547290972	14.8508301121
He	22.5781313749	17.9979502904	19.7726110485
He	4.25851064481	18.5042933203	32.954394247
He	23.124746713	3.51285275112	20.2495130189
He	33.3595988863	15.0058329558	8.70343798893
He	11.3885776683	7.13154601627	1.04294613804
He	33.6178603301	1.18486474922	35.3387881837
He	7.454882525	5.11690853201	14.5940455242
He	23.6089417347	29.8129326917	17.7786026566
He	5.54887441473	18.8916163778	3.90399655552
He	28.8663871167	31.3693859769	20.476052905
He	35.0853966959	30.1371784255	1.64565172702
He	28.2212629485	21.3055269417	7.25763290025
He	8.66928197754	17.0595884553	6.15830494203
He	32.0067272261	17.0278134911	12.0024634978
He	12.1116798819	35.2152520554	29.8301602583
He	0.0371832941809	11.8040140927	1.72346253516
He	3.14003678933	8.0703055775	32.8268105266
He	12.9683597279	24.8305029925	22.9162927832
He	6.09145377369	11.9598469439	29.7258929336
He	32.1786963259	5.34431707533	30.8388111019
He	31.1604536912	31.2693392299	2.37235026127
He	16.3356541021	6.76818480411	9.29993045892
He	22.9541165048	4.80211836918	16.248067683
He	35.1534586375	11.8778980117	16.6881624139
He	23.7135147062	26.2375338824	20.9702669825
He	12.5015620333	22.5668545473	29.685436261
He	20.8295639842	34.2375035442	24.9331510282
He	6.88464498504	13.4406993532	26.1707430869
He	8.54202072644	1.57864204491	13.3209377474
He	23.058800349	21.8951295117	15.5256969503
He	16.5150366723	34.3025747974	14.8423588854
He	28.9616444606	17.3033571147	19.0322241401
He	34.0036951486	10.2368224391	26.771722523
He	1.80539733098	20.0438827782	10.8976208814
He	20.9289686075	33.9185611071	11.2892365277
He	25.8695762909	2.71362220314	26.088963537
He	1.5533145833	17.7456528736	29.7491507695
He	35.9893706081	23.7548448519	18.0120852804
He	16.8786396836	2.4636214386	5.98683067382
He	2.16269728556	19.0534606238	16.0405563627
He	0.684714033636	19.4891543118	19.7218443919
He	14.0813375577	26.8721575212	0.0676959682561
He	5.46328554681	1.85383924888	10.0754555043
He	32.2036986251	11.0402283675	5.33490985895
He	14.3254077658	22.7304705842	34.4924039652
He	26.0673577448	17.8349160501	0.985382104271
He	9.10171302354	29.3080958692	2.70563456711
He	34.8609783954	8.43067323093	10.6487722998
He	31.9702449766	32.2836642559	15.154735302
He	27.8082943237	29.1724811278	7.45609308904
He	11.3379878513	28.2863250322	5.77669614013
He	9.82005515064	17.9629275408	9.40789385528
He	2.36338547055	30.7702414312	31.838118816
He	20.3692860944	33.9651598859	30.8735953326
He	35.997743405	33.7657360012	25.9392424934
He	26.6629927161	6.21652206085	8.13404999712
He	18.3361788682	32.2243731237	34.5229970654
He	1.25394744663	20.2847983191	23.9522409407
He	16.5488397703	21.2493892681	11.9709696168
He	0.908254681598	15.8709276216	32.8034805784
He	7.90096816844	34.7995018132	10.8882063034
He	30.775454287	22.8259003181	31.9589102233
He	22.1653658761	18.8934812018	34.9879453161
He	6.78899571056	13.7538593893	14.4200562326
He	35.2633045693	16.0704118762	2.22122360209
He	15.9448623653	20.2942243448	29.5150778429
He	29.8261550543	5.40776530245	17.7394279363
He	22.2480720607	2.02426258816	31.4068156162
He	3.95242150668	13.4029010009	7.36602620683
He	30.5250006819	20.7843017917	0.472334349017
He	28.9665099153	14.2722569626	12.2826589684
He	21.3603674071	3.74797779673	27.0470496657
He	5.52751402916	19.5332043447	10.1583638878
He	25.2444196802	32.6772425243	20.1354976606
He	1.09257431948	0.636252323397	19.1632631001
He	25.1512115713	20.2313047513	33.2726074951
He	11.6462811857	13.9622627139	35.6819004596
He	17.8744020028	14.9426106978	16.6734951104
He	32.5514081644	8.01699813121	7.77548495222
He	13.1704759499	6.38071234531	5.63510070501
He	29.2157845096	1.07282766055	35.4187132153
He	27.9114795201	17.6956309219	9.34247419671
He	0.530330030685	35.5044521064	0.53341998376
He	11.0561203001	15.3814329427	3.38672875534
He	24.7631559279	25.939203449	3.0298941706
He	2.81221135878	22.1144684777	3.40401002905
He	24.7310448811	21.8437247053	29.8601268311
He	10.0355979321	0.406599183822	0.995965208402
He	18.1465360418	28.0808429408	12.6533033533
He	14.3067448027	9.27766076693	20.3218667428
He	25.9408743619	20.788679143	12.3387885791
He	24.8901768046	30.710283806	4.16683561398
He	33.7629785032	7.82186348923	13.7845152091
He	15.6141094407	21.3230821645	15.2647761841
He	3.10086005017	33.0176452798	24.353915765
He	14.1624218027	34.3306624645	23.7902434718
He	22.3216369446	32.0217629606	34.3989525014
He	0.62251725161	12.0606016329	20.4089702263
He	10.9901214366	19.0679472348	15.4562972497
He	30.7073372829	2.2950459339	5.12506989519
He	24.3820851575	15.2395828603	29.290530181
He	10.2147927794	22.8686155639	18.7387860351
He	10.4255401565	0.420377828062	8.89496374077
He	17.3323068839	11.8440529581	1.12666523437
He	32.8809009623	21.9672206661	29.1631214201
He	29.7930477983	31.9497383476	31.6916861304
He	35.7014413679	5.92195815829	30.487064544
He	26.7750048096	23.3038829243	35.9312759709
He	22.4147413212	18.8093998151	2.71018121375
He	21.4191674962	26.652167964	23.6788702213
He	25.3375849703	30.2428826376	0.127661237085
He	22.6526716003	35.0995233963	4.66356250037
He	18.8436622494	17.676986057	32.2199689641
He	3.78954565274	17.8147689936	7.74702241161
He	13.5991508792	18.0561016262	9.66596453633
He	13.8909965568	32.1935520442	14.0055959128
He	20.575104329	24.3218469393	18.0995195541
He	31.7532908447	35.3850544774	2.45031590465
He	10.7408767724	7.10112285547	19.8011711638
He	22.8122574763	29.9139628483	24.8530146027
He	8.54205043784	20.5306121127	7.32970217907
He	11.0179237848	29.7426974767	14.2981834956
He	11.7694270552	7.45846129805	9.71288106315
He	34.3601923035	25.8816646969	23.9086721146
He	9.23283415103	6.7877971324	30.4817134408
He	26.7877973707	17.1842579447	22.6101162845
He	9.70949585441	22.9409759385	22.7797635241
He	10.1277356319	9.7333157844	3.83601130208
He	34.8848943647	29.337459239	29.3658850326
He	10.2221530934	10.7192250218	8.64795398758
He	34.0140832365	2.9307148161	12.2249929452
He	20.1269222393	33.116070018	15.2601993488
He	14.7686771369	0.494937863986	10.915876445
He	3.22833258763	9.39134999444	0.480506114706
He	31.2203629409	12.5499563391	28.1244921427
He	34.0355965396	4.30768244902	5.37921346575
He	30.4232249682	32.0301387322	9.38525178337
He	5.04257750988	31.9599015078	15.178432629
He	24.6549572376	33.9314021044	1.74008541781
He	31.2719792767	11.1828594532	11.4019796709
He	13.7536926209	19.9994576403	21.611353421
He	23.2115956056	0.163353561237	35.2773596012
He	17.650250387	24.2587485267	33.0215653087
He	27.3750446143	31.455203112	10.3117991729
He	34.589428059	20.4189110693	2.04171780614
He	25.0082831865	32.9685764801	12.7248527864
He	0.413068137887	2.48852174571	15.5066710664
He	2.30645152478	13.6271785915	13.9799923736
He	11.3606122284	21.2270750887	10.1146079858
He	30.2792819246	33.3084254324	35.3898873599
He	18.110125366	12.1125782292	26.0204848131
He	25.7887130896	28.6568614117	25.974744925
He	3.69310818246	25.8489131293	10.90984142
He	35.4776209944	17.0524720022	22.2403340169
He	15.2944473465	30.1908075282	35.0664733903
He	2.94193475288	33.6442424983	29.6422083282
He	9.44241607635	29.9236951798	29.0343199278
He	14.6569491101	31.8400042176	6.60384902172
He	18.7379435992	22.8092011615	29.9335469412
He	32.3707793076	31.6703445794	26.2961371718
He	29.1829128038	10.221558338	26.2597330576
He	8.13458299335	22.7138207882	10.2833886596
STEP 1
He	31.7657323917	24.3114431901	20.8463436435
He	1.28419532458	11.6036374077	4.85755146579
He	5.73096174068	32.5379414226	32.5806832832
He	23.2540294177	21.7531166239	19.1312843229
He	20.7881877598	26.4787083638	27.7191289465
He	9.67872616316	32.8985450759	32.9617986824
He	6.88824179505	14.3158026726	2.84828714466
He	32.6652971266	27.6434439894	4.27334801456
He	0.6372057967	20.7990836992	27.3529326374
He	11.255830286	5.93794019274	26.5684222276
He	4.71898508755	8.58233886361	29.3139414083
He	7.65158890777	10.1760884694	27.0543447079
He	24.5415304582	18.4507365322	6.09936356771
He	20.9628097292	16.4770714003	12.6543693715
He	12.6156652736	4.61345433659	16.7860933384
He	13.789970889	10.8863406333	17.059373546
He	13.2809571164	31.3882551915	4.30126693676
He	16.7425943516	35.8599387786	33.2318716112
He	28.4354903698	27.2386135872	4.19890446575
He	27.8589877966	0.535198334558	16.3885919408
He	24.3066730886	19.7167345137	26.7919105349
He	9.65718042118	23.8586624921	32.0589441045
He	3.86943421451	32.9769902999	10.8506734253
He	32.1607163553	16.5430275972	25.7756783878
He	8.88574457	29.3453579366	19.2727684213
He	16.9578709487	22.6483409447	27.1781955488
He	4.38000788207	15.3123164956	26.6355073524
He	21.9777761922	11.5743755186	5.77240928235
He	11.2876959409	9.15686503321	16.2662762551
He	5.62459383474	2.71601682004	12.952523359
He	33.1357304911	21.0176616129	19.3761889066
He	22.0888956059	1.75770667178	24.2645233811
He	2.43555084255	20.2673638035	0.369015123346
He	0.662661761435	35.4170963746	4.63339007278
He	31.9763944407	12.3310425759	18.5325547049
He	2.96174499077	5.62019132546	20.5557483406
He	8.46764695883	18.9033511902	21.6385323154
He	7.6406499417	25.8652772858	18.657166239
He	25.3179102071	12.9127593516	2.33347076262
He	18.0982821167	8.00299789395	18.928527109
He	5.17935009942	24.9255605271	7.70197619437
He	35.0298819635	4.48689998979	21.9238387189
He	4.67538496007	11.8304742434	11.0833587162
He	20.8641879885	1.02020463798	18.3647993874
He	32.5659485391	29.0338734909	8.50968983148
He	9.43550332711	23.6511408603	6.37122427149
He	6.25714601706	28.2289020952	18.5756618976
He	25.5917005282	2.47570268411	33.5281779792
He	3.16637711124	19.9144433003	27.7512811318
He	22.7361221323	14.7552084911	1.39511024756
He	2.74106311393	29.528445819	16.1511270769
He	6.64913316265	16.2843942386	10.7320640283
He	2.45700450709	15.0585770937	10.4254203539
He	4.47898448374	12.9505972877	23.7094070759
He	6.54565935297	7.56539392977	17.5029938431
He	3.33601849205	0.337334217334	17.0092183311
He	30.6021311463	14.7899505893	14.7646695274
He	4.97591271311	13.3888345234	0.188212120481
He	24.554061001	19.6639648323	10.1172690446
He	25.5001928546	22.1125151919	17.8228633609
He	3.02519190854	11.0735650221	16.4120566698
He	32.7459142318	11.5294036612	1.6483945527
He	20.4205333274	29.1699672795	8.43214168875
He	32.7247571161	0.390063558881	27.1362462902
He	30.3553657023	29.5574523291	17.1311922896
He	34.3412851861	9.46126954252	21.5436703283
He	13.3934071767	32.9130947904	10.5103002381
He	34.4377562058	13.631019887	28.5837322409
He	30.0316215318	26.0271530847	26.2154303759
He	10.2211698784	18.3363871171	22.0565362584
He	18.3303726509	1.95913090653	9.87923515182
He	26.9339194592	31.7812013787	28.3481433092
He	28.6996114755	14.1984894207	25.5193277133
He	33.4433261502	18.3797424006	5.88832966591
He	12.3675272066	1.76912387555	19.2711650947
He	21.9948276792	25.1107862119	15.3079391898
He	27.6855390561	24.527237766	19.2230364695
He	12.2463293464	14.6275953438	18.0872616082
He	35.155360462	24.2704646227	14.2114489694
He	20.9552731034	31.6757807974	6.64324671539
He	15.2321898881	6.03972534293	0.73365438921
He	30.366696333	12.0312829456	8.05757214899
He	26.8734391464	2.92166318869	11.5380144842
He	13.263682414	32.8536873146	20.2021626115
He	0.358674613026	27.4366810631	6.78460910228
He	6.72168579821	18.0702603148	15.9676484057
He	22.6718840425	6.90646712703	10.640215774
He	32.8981704169	16.9241119548	19.1609590892
He	35.2917566277	30.5030527801	17.2922984867
He	6.53921970558	16.7973901881	24.8686945852
He	30.9964110135	12.7779745697	33.1524737124
He	30.1215584426	5.93346805343	35.7618713575
He	17.0975909834	16.8611563271	4.98304572096
He	26.1043085561	27.5417224736	32.7352327725
He	15.0121671418	29.3472348036	10.3246389103
He	2.98345473615	4.92770138336	9.47984893109
He	34.7427055246	13.1034221417	31.5358009647
He	1.1146002307	5.26650412568	19.9209548065
He	13.2603863633	4.18320964426	9.00780679117
He	34.9896281492	4.08567728418	9.04051105578
He	25.449008348	23.6886466698	26.0694966845
He	22.53972596	27.6213850121	4.221692528
He	0.376757762057	3.97816712433	26.3017558387
He	14.2754792557	13.4386679872	2.53732965831
He	15.4987409463	13.8758446022	6.30599250819
He	29.5503270473	13.375525894	4.21031969173
He	0.832109094262	26.801801485	20.7858754665
He	5.6519772378	12.3176749865	19.4366298339
He	11.1921555369	6.77710131713	33.9004835095
He	22.1697319032	7.93632588748	34.1498830866
He	4.76685431319	35.3692858715	6.48479142624
He	9.97484113103	15.0244492401	16.0768179301
He	32.0611552797	34.2445457341	11.5038755832
He	6.85909748395	5.94826849691	23.3979308752
He	24.8282098527	7.63486622839	5.55585993766
He	1.70992868041	8.21928793451	27.5048791463
He	22.9614371763	8.2969288616	29.5203813223
He	17.7682403812	24.7428477589	25.9825684443
He	15.0573366475	26.5002869575	3.41658458888
He	17.2243621047	33.8336684988	22.9112299484
He	11.5335803806	4.06588137767	23.8476139652
He	5.54738699062	9.78753435832	23.9692852276
He	26.5469962611	20.2438416079	19.9735639027
He	5.25431803557	2.26916971666	20.40665142
He	26.7631576851	30.6140777427	32.315129784
He	5.82200217265	5.55288141504	31.9518970486
He	23.7437076553	33.1922212944	17.0586573996
He	28.8590951198	28.3181704045	25.34048225
He	33.50604556	4.00997015621	27.6232912877
He	8.38362645292	1.77758555914	5.44986256182
He	21.1489119758	17.3502331836	27.0577709716
He	32.097154566	22.5305517408	25.9323970773
He	4.57580992475	9.83207614601	8.0038051618
He	6.63302568613	23.1336831217	3.59799537815
He	31.1573152423	19.5551208966	32.5575450358
He	18.9951174506	9.65083218418	4.46367257452
He	4.65631147317	21.0872921123	17.4023341963
He	15.9948038688	4.18301626338	32.9174927295
He	13.6815577891	9.36057009922	25.9898744707
He	29.9507772644	7.73051241758	32.5785649538
He	24.0435329149	34.1081900218	30.4856852595
He	35.8490969936	16.3242576154	18.3167068338
He	26.1827517376	7.1343290699	34.9605892625
He	0.293950733346	17.0845712647	8.06609818467
He	5.37542994128	1.04354346334	33.5258717845
He	14.0053035704	1.67148407325	34.0445184174
He	14.4851034546	1.66776526765	24.1778953039
He	4.20651047543	6.61748654955	15.1488074215
He	14.9301750641	9.35846379682	2.69075600789
He	3.79468870995	3.50400956871	35.0829540124
He	33.4118443438	1.34724160942	29.9420811299
He	21.7873282694	31.8450099535	27.0397913707
He	7.15084523946	1.43053900398	24.4793372756
He	33.0206529788	18.7110532162	25.0721050997
He	10.8536788381	13.2598242037	10.2442616726
He	10.5511545548	13.9406607403	24.1742292158
He	11.1383199297	12.6778014916	26.8831471694
He	27.0967987694	6.24042603915	26.3741845826
He	10.2027246438	19.3963152145	19.2057680547
He	8.34219403785	26.441796954	22.4632798566
He	6.78091837629	15.0686800623	21.6764414162
He	19.6847126621	9.57722269302	11.2551986782
He	8.36300446923	3.72014742343	31.4062125265
He	8.19164172872	16.5424204749	0.434231856862
He	25.5906985894	14.4449077846	35.279101511
He	20.6339869024	23.2744799413	11.1992356406
He	23.5577984907	22.5902209646	0.0280469138176
He	5.48201487367	22.146909956	12.7997385945
He	5.29347291479	30.6015648714	28.8430703868
He	4.04953760666	17.9325764206	12.9910567722
He	9.60248798222	4.81435865318	12.2828367422
He	12.4284654847	8.22673282018	29.1843213974
He	20.0234857205	8.0169392184	7.73710836025
He	16.9839256492	22.8942106768	23.1176001189
He	4.31228652946	6.09129286561	26.9149893135
He	6.95172458706	5.48458552204	27.9012678834
He	26.9437661567	10.4736493143	20.6139873111
He	14.818747807	5.43398719107	23.05947958
He	17.6649107268	27.7449042407	5.06480806764
He	3.41904745322	3.72017713861	16.4950241019
He	20.0543887118	5.25674779751	3.81702259277
He	23.5163946934	5.97017198634	26.5653715209
He	0.40888890093	32.9894025556	7.5742436332
He	35.6972587657	7.51825636531	0.981031050062
He	15.9989670218	5.19870592487	30.4296622808
He	7.35861478884	11.629065166	15.6851026566
He	14.3003107401	22.9386946825	19.730513492
He	18.3442092386	10.883875278	15.9444374766
He	21.3323660237	10.8390476438	18.4183664173
He	2.59906509304	24.4763313569	35.1508567473
He	32.2436191899	9.73582291465	17.4496162509
He	3.73313115495	1.38879997743	29.9987608031
He	28.8711659033	15.5386431042	16.4264774427
He	9.50269774682	22.7471986603	2.96342817108
He	1.40252162187	8.61154321565	14.1339952302
He	1.49731359716	33.6111271153	14.6746812296
He	30.0396568874	9.24819448447	19.440115667
He	21.8649479334	21.9242864659	5.57347568287
He	6.36071541472	20.047646922	0.823311479581
He	22.461729003	12.4290402657	26.7540925015
He	6.96370266902	4.27318722718	11.7977899806
He	19.3603410639	12.658684832	14.2599681395
He	28.5070160776	24.2233587987	12.0975680506
He	3.37539762056	18.7455437775	19.6506229525
He	22.2720658415	6.02996796422	31.0773247035
He	19.4756897263	25.6289903173	7.13267605057
He	27.1173412294	22.5561766674	9.22817629748
He	30.9505133239	31.126436165	6.08947684379
He	2.01197137613	15.8412819652	19.7025506465
He	8.66520394847	27.3373320765	28.9684262775
He	9.04789110098	19.6483699526	29.2542370142
He	34.0031780868	26.8186490636	31.3693535355
He	7.87118470879	14.4503719556	8.02871817328
He	4.27497738192	28.1311262346	7.33140392681
He	19.3283368493	2.66875894137	32.6402594049
He	0.456239605776	32.759093858	3.00458140352
He	20.1817850347	11.9888248874	1.76504666871
He	5.31727669639	34.3841098154	22.8481546716
He	13.7054523785	17.8575229422	26.7622716976
He	26.3067423095	28.3110886132	19.0609822225
He	20.5174431227	27.9686492382	34.4953994532
He	30.7115267006	0.375439751646	22.9525617168
He	5.82045429311	10.5272767258	5.18162006267
He	33.6532611404	32.8860427641	4.4496373938
He	19.0457140909	11.1007333334	22.5980884605
He	2.34689068716	26.4583699791	14.808186495
He	19.1257919225	32.4359010276	6.22373425214
He	34.512919265	16.9101074987	29.3122022853
He	3.56018681614	16.3830834245	24.3724374226
He	17.018630876	31.9066446491	31.3375075308
He	6.96582158051	20.4579214451	24.7077061684
He	0.565267431753	22.1493112568	14.8470266809
He	18.5726947326	27.378571435	0.0255945834386
He	13.6056746313	17.5196049228	23.3292768484
He	27.1200336018	8.43961038024	16.383770132
He	1.06824322201	29.0698504474	25.6082997123
He	25.1404353692	2.09840114576	1.6604223441
He	18.7518269736	5.16952499814	19.4013372429
He	34.3134485486	23.172694156	33.3712613331
He	34.5874536058	26.5720632476	10.8413166043
He	15.8623404585	23.4830085065	5.57718601904
He	22.6505877654	19.9404212911	12.4703313591
He	9.11861376085	23.8296576081	35.5461494216
He	4.17178087242	2.37019655784	22.736099768
He	28.7966638699	13.7486794132	28.9388693287
He	17.4814386536	34.373640233	9.5577803461
He	9.40928107251	8.04544181935	13.5965191548
He	6.4373211035	33.2127025751	26.3664289138
He	32.1975158741	28.0756631543	35.4503868521
He	10.0119773342	17.0713037691	33.1532772866
He	5.22480563869	13.9583567452	32.7634041316
He	18.2076896953	21.1928562852	24.8612606749
He	10.1108713304	28.7940581653	9.40914068882
He	19.3256522053	20.2377384706	9.4800638135
He	28.767688663	22.9236232112	30.4127762967
He	17.0605061576	33.3534676825	18.945890074
He	28.1450865971	29.6756966823	34.5526859138
He	4.04934058096	21.583873226	32.3513086797
He	4.07622774161	30.0353411222	26.7390996425
He	12.6970365759	29.2487099977	26.4248560023
He	7.72269468468	15.5065691761	29.4771708243
He	29.259316353	0.571620499286	26.129210826
He	22.7140048891	15.1317525107	23.7716723656
He	3.25380296014	35.6892229354	26.837604327
He	23.5076621915	0.16767451722	12.0423281609
He	3.21985969639	20.7946408073	7.55347864236
He	22.5156059228	25.3643602421	31.3059584404
He	10.4797532628	34.4201533373	22.7436160619
He	32.6907367088	13.470693076	0.88808298388
He	8.83452700271	10.1150110813	35.3091213029
He	4.52234255663	25.5219948123	3.0586928626
He	35.6127388088	28.045500744	13.5720098519
He	14.5643594145	11.7537660076	34.5146617757
He	28.2797736992	33.538760975	2.69751361834
He	12.9352481734	20.1898651057	0.629109137149
He	26.7135142351	5.03035805991	14.8345062679
He	26.9532979613	1.38554203145	10.022063538
He	33.3887016845	4.13048952557	16.4630265466
He	31.5496791202	16.375379801	31.8130208116
He	31.6434032856	3.47913007858	24.1494631665
He	13.7166296684	17.1108521679	17.2081905573
He	22.8636671174	13.5334891233	12.0438363028
He	14.8670736526	19.0852337894	6.51338015646
He	14.9890138994	17.1302897571	28.3902162168
He	16.2228701299	7.24200961409	17.3017561755
He	24.5154589969	9.25272388514	16.7507186727
He	3.98260735834	29.6468680386	21.1787424642
He	24.7266683042	9.52184741364	0.913501722388
He	29.7871507912	1.70794519212	18.8338191633
He	21.6947490972	26.3898133767	11.0633373412
He	16.9833797884	20.2776597768	33.9624313251
He	30.8887666451	2.86815500361	14.4916897548
He	25.5459516491	35.9557433798	34.1827101265
He	19.9640656892	8.52182291056	17.0118020315
He	26.8776851838	10.8784071344	31.8498258536
He	4.30164518076	18.2854971718	22.309644246
He	7.14589479107	34.5581364033	18.825190424
He	12.1276259076	2.90912981597	13.1627949303
He	16.0324080138	20.467640007	18.2564770752
He	35.7109241542	9.97708769314	24.0303834744
He	25.1812386643	20.8639980944	2.85542395915
He	18.064194979	0.945135846856	12.9279097059
He	21.8058086754	28.2266542475	14.1302241019
He	27.3962095253	16.4065390641	27.0740478752
He	1.41834831113	10.4597227928	30.5074855243
He	14.5461537774	13.3553943396	21.051336991
He	31.5116701867	19.6224732428	20.9452312887
He	6.88176212497	30.9374258288	25.653558008
He	23.4374748608	27.277564146	7.23835634645
He	15.3721457404	29.7340165413	22.5304117133
He	7.0484648505	32.5210495714	7.58568888784
He	5.19523181787	10.9132841276	32.6917328939
He	13.0607947969	7.00562255881	12.96046657
He	10.3030032344	0.29944133506	33.0639159739
He	30.1222083304	19.7181420586	25.5341573336
He	15.5023277261	3.10599847856	20.4744732979
He	22.0954686559	32.03747683	2.74573206976
He	13.3380953818	18.678474932	13.5064206833
He	6.00638845486	4.84395389509	1.20743147514
He	12.5152773046	25.3096165059	26.7303877837
He	32.4819068585	15.6908011472	22.3329168505
He	21.4496739602	8.02131670794	1.83164477271
He	12.8663490018	21.442493219	24.9920206452
He	19.1100799003	4.25702606043	28.7536060901
He	26.0168122697	24.4771165447	32.6982143132
He	18.4332665794	7.50510803804	31.9033105615
He	25.824196088	20.9686202909	24.2707787751
He	16.8105170167	18.7090014762	1.49191581338
He	32.8436290912	14.9015002026	5.2988458193
He	6.98339592934	35.9113074652	28.7713255583
He	1.28309623297	29.4665415149	35.9468376271
He	0.668800472367	24.3561919659	20.848674666
He	31.3191510155	23.9617055964	15.4488868136
He	33.1052695824	0.284513264311	20.1286584842
He	17.0275846358	6.50612683858	5.31541766343
He	22.3986488371	29.4920345004	21.5787077553
He	13.442703681	17.0294020805	2.5605155844
He	8.9116868865	25.0207089	2.98947583783
He	2.71364079177	4.04953689909	29.3637505179
He	22.1557982463	17.5045453554	16.3604236297
He	18.761021665	0.783600938536	25.5373806558
He	33.968685632	11.4422394734	8.47884404894
He	34.0289176206	13.6803066792	11.8203272405
He	3.03131630683	25.9144139626	27.6425025854
He	19.2902568609	25.3457863175	3.14329683852
He	8.14207126908	6.97601597899	10.0814012174
He	17.9015781149	30.4878539756	19.7977746658
He	10.6595234798	27.8074703304	0.128521746442
He	6.87166760162	34.0737123031	4.01308856439
He	5.13528660984	2.45668724699	27.4850130445
He	2.11990950563	34.612301972	21.5909680331
He	14.1447135658	23.0235312743	8.6983412741
He	0.326442171209	25.7135297662	2.99761008164
He	30.6875710264	34.3619458227	6.96303668712
He	2.91129988673	17.7351482404	2.12662444734
He	17.153148601	3.70531094505	15.812194927
He	2.81080725113	33.6155938193	33.308505446
He	0.213518089406	30.4682016496	21.6263670626
He	34.1538697583	0.814752186573	8.75393549043
He	9.48927768861	18.2830927673	2.71948094328
He	4.71890900483	27.4560959111	31.3411414665
He	19.9124828984	19.7004508081	28.9511305983
He	22.0712015271	4.01607812635	35.7506376776
He	24.8390058829	12.3011154385	27.5802602654
He	12.9218001938	0.243185920263	3.58416539247
He	24.9286064556	9.90345830628	9.70614210241
He	8.23402223843	10.0935282094	31.4150011843
He	16.0944953242	26.9344840476	26.0707224391
He	28.5907739025	25.7386593549	7.65964048046
He	11.3038296431	0.148906511357	12.8094222028
He	34.1200523616	31.029659841	11.6089888556
He	0.770167528051	14.4153983367	25.6140598171
He	25.4890631538	8.2013969155	13.9171570544
He	16.4285679481	35.0023842029	4.41568023842
He	9.78792637797	15.4236067578	20.4480392548
He	28.5025180399	4.43768490978	32.3736006118
He	15.6705945336	25.0380098991	11.4569548242
He	30.4677603024	27.8771761177	21.1107269652
He	24.0753555226	15.9872991856	12.4289198883
He	35.8165588329	7.62826801302	17.5703547749
He	25.1601532424	5.75021049289	2.05106162345
He	15.3853461893	4.90223333591	26.6901590149
He	14.807520816	9.52571086163	6.80359208779
He	22.6039090282	11.0835585357	23.5463711441
He	21.789873181	13.0995814285	9.30873609996
He	32.9747091283	29.8376027108	32.4048689609
He	19.591119006	0.0711674660257	27.7991054991
He	19.2579931767	21.4024458511	2.16814504996
He	19.3016649374	12.5709728822	32.9260991808
He	0.661845980535	19.0021658452	5.32551848041
He	20.2862474438	4.93231785841	23.7676452342
He	17.4867876558	18.8560809547	14.307694303
He	18.3836491418	14.1449528341	28.3394889117
He	29.112604422	20.7451127423	18.2470442545
He	10.2765518521	25.2267501182	11.2122912106
He	15.7492870665	0.402991730069	19.6185147749
He	21.1462614445	22.4388266097	25.8382469063
He	12.3536833616	33.5977742623	17.345903122
He	35.6422489452	3.78639874605	1.78959645368
He	13.0828936486	29.2820420504	16.4315643341
He	31.8008138364	6.38379283942	27.7093061769
He	29.9645898785	22.2779549793	26.7391123922
He	19.1676726294	25.1284706617	14.9350945159
He	27.0281181147	27.2483001478	1.23210010095
He	8.79731452713	11.5501740212	23.221351525
He	0.126937026442	23.6530564256	29.9568924016
He	35.4358878716	26.5767542717	34.7233107556
He	18.3029551985	29.3590000253	0.369697583167
He	16.4542822009	35.4009116707	35.0486024042
He	18.9088791538	33.8519794723	1.72138410461
He	34.847745934	23.1448820851	5.56523387709
He	31.5752861316	17.4036080613	2.45551497726
He	19.1138979814	5.6823689537	35.0759250873
He	8.54359977029	31.0265446596	16.7275179415
He	13.3018802566	24.0859111027	2.95967536877
He	33.9186447441	4.39463829764	33.7779758941
He	18.1351747852	27.9983548686	31.3078195723
He	33.6290500294	24.1876305211	6.4774512421
He	8.3152239426	19.26312986	12.9513982822
He	20.2948130193	23.9445793648	21.2758394328
He	25.2244062562	25.613126604	28.5487865508
He	29.6760565861	4.80716089488	6.40033853966
He	3.52913190968	24.0332041029	17.7250071553
He	19.0441567545	1.4644378961	20.2652115097
He	3.89389945792	22.806717278	23.8444982654
He	4.13586646301	29.1373971993	13.4033308826
He	6.41299505343	23.7754129394	24.2864636484
He	22.8112577213	4.66943066957	34.7258884274
He	4.12066606547	2.15548233733	3.30945458778
He	30.7786073754	24.8519244052	0.0612746778412
He	8.99457699864	27.1254534199	32.9769374967
He	33.661806044	9.60525983513	29.9330668362
He	6.94363343059	24.6795183237	33.9809243313
He	19.8038417186	27.9050369037	16.1212362111
He	30.13093477	16.5387057428	34.7615855998
He	27.6015177808	13.4249770031	8.68244411623
He	30.1312784973	3.27643928902	28.6918530823
He	35.7520018277	17.2169054865	12.732201234
He	3.85891417175	14.9936901531	16.668521656
He	24.9487873279	0.804060408203	21.4350102019
He	30.9017694911	34.2234322787	29.0899034286
He	25.8794481094	23.5236329974	14.8981802887
He	22.9573294431	31.2446122526	10.094335345
He	13.4747860856	32.5010747209	27.8139274239
He	33.8974317397	20.7428521086	22.5553794883
He	29.5990980129	30.0879426148	13.7018493483
He	16.0384244072	10.4320569986	32.1708002791
He	10.5762150121	33.9306919097	26.4976974801
He	9.34108089382	19.9010779611	35.5801908296
He	20.9192269549	0.0257332951463	8.19253159565
He	33.9313335871	33.0983778323	30.1939982172
He	11.2333237281	25.7820283592	20.1841171883
He	26.8619131048	35.5974259645	29.0355097191
He	14.5791125776	14.0640046421	14.6329275552
He	32.0162083449	8.92473541294	34.7135065083
He	31.422575497	21.8936766892	5.56159421602
He	21.3394115751	19.8951670712	24.0745959507
He	2.47353018048	15.5480722541	5.24561579936
He	25.5778861195	15.5168750995	18.6825019244
He	9.28586382858	24.2903860436	13.9967304773
He	25.5299779649	12.2893356108	17.5731629818
He	35.9910618418	19.8934160501	7.42966072172
He	7.08715066303	15.2825734057	18.3655519554
He	13.9169884763	35.4975429456	6.13255669808
He	21.2205910197	15.6974965646	30.3461899931
He	18.1797724166	15.5985184331	21.7719898873
He	8.80906894975	6.49986801565	4.78863419335
He	25.8151566231	6.86866923794	32.4358381319
He	13.2524324508	22.3666653147	1.58572025518
He	10.7588482443	4.61860936306	8.43620737945
He	27.6844079719	32.4385116187	17.0742326029
He	13.7145145976	12.6782569283	27.8513387381
He	27.249814721	8.32389240266	29.201524712
He	20.7982668406	33.1725005865	18.9261676192
He	3.15238444608	8.32897015848	20.2712957888
He	1.73003890337	1.06511689888	8.82503427873
He	6.6311562382	10.0938019045	19.706811389
He	2.7556380507	12.2218319029	34.8132084682
He	11.042924571	33.040123658	0.0772282711834
He	21.2998236619	8.72770413795	21.8962497299
He	12.9928104683	13.6432098526	31.9474669993
He	33.999866813	34.3301276468	22.7685301729
He	11.8706945962	25.778858067	16.2669941687
He	20.9142062289	3.31418533093	13.1994179342
He	0.893207698993	0.164099653398	13.1487909929
He	24.3286661728	14.4476099282	15.1477641598
He	17.1750538795	26.5657209097	22.3474019258
He	21.9989702986	2.00030097478	5.43603826602
He	5.41480531289	25.3580378113	13.3554373228
He	17.3365404164	29.9252809872	23.0505885681
He	1.4460479796	29.5788039462	9.57126562889
He	8.78559294571	29.5839793437	34.9769762246
He	15.0799742404	15.3830925569	25.5931470931
He	26.1693849941	6.82797920613	19.6397806464
He	25.5311811569	2.83133854388	18.2800050806
He	7.20872553051	28.9304657611	6.79192036844
He	12.3985807929	10.6267202115	32.0079275662
He	15.8617083726	30.8760750436	3.2504404211
He	22.7966274891	18.575174713	31.3117303167
He	19.5830689263	27.2768557131	19.8233336595
He	14.7941392484	1.82985867792	16.1758634518
He	35.1076361399	26.8537838018	27.4873611072
He	9.94150446817	34.9411503199	5.90943538936
He	22.8833178699	6.80304970673	4.51590278712
He	33.9558743383	1.67443299808	24.393268711
He	20.5196158554	6.67629756416	12.776847806
He	27.0583643912	28.6810214909	29.4011509263
He	30.4647756976	17.8047221641	27.6885810407
He	18.7362579866	4.64129091241	8.07099902831
He	22.0213738655	15.6347256423	33.9474504182
He	26.9444579992	12.5180285533	5.93065096195
He	19.8743506464	11.1240461618	29.0626627628
He	17.6735886224	8.28473355021	27.0027104094
He	30.0504992964	28.3213052533	10.0102601528
He	29.5252775062	6.74493069976	12.9303857302
He	19.7390695067	30.5213631238	12.0391842842
He	5.32799721034	26.0250180546	21.4783251439
He	3.97466019631	35.2872313858	0.45932952175
He	26.9573843759	26.5127210878	16.0179755541
He	23.6359284593	23.1103188701	8.92269537707
He	12.128683008	13.1088575704	5.4016962835
He	29.1379856606	18.3683999696	13.624147157
He	32.5765723288	23.4408588505	10.8430591814
He	16.1549150611	27.7679932002	14.9119235268
He	3.52787464095	7.97329568465	5.49333514436
He	12.6447884574	28.6308379205	19.7534420492
He	12.8555872842	2.68418077145	6.57110855302
He	9.10968788271	31.3343378567	12.7125461838
He	12.1735991571	21.3485163991	4.42777484495
He	19.8409788779	0.335148189987	34.6888880745
He	12.7400763422	4.80505236579	35.1389388881
He	10.5553248488	20.7649664745	32.780892563
He	15.5112395509	16.5608872701	35.3567796906
He	17.2262320686	7.28596083282	14.1500266522
He	10.5247012317	32.8049020515	7.06421393226
He	12.5859638147	10.9644619072	0.829077197763
He	6.52165105561	27.6746454109	15.0188586582
He	35.4151313842	1.36237218266	32.1129278217
He	25.1084299918	14.6957160575	21.9796418932
He	32.561670598	7.50744248252	23.9536029773
He	17.4004265968	11.9451387068	18.4367852827
He	9.86760760872	23.5342235816	27.2018333745
He	18.8096101331	10.331285612	34.9432259639
He	1.49197024914	25.4041507872	31.6489036152
He	3.31305399592	32.3252290886	6.44477363249
He	9.47034421097	29.8121887313	22.3958851338
He	27.4881271407	7.16547453768	21.9226843244
He	30.5475078606	34.7086122188	19.36503621
He	9.30866334968	33.6952068084	29.2070761817
He	34.4650888679	20.0128374326	31.5287087019
He	19.3546471531	16.0651174041	0.577329982091
He	33.9453410761	27.5293747557	20.3176276501
He	22.0418146079	29.8423570727	31.5934592264
He	10.9283782097	10.8019465131	28.9113387278
He	26.6101471938	0.419689735025	4.22009518082
He	31.5279868082	29.0216474743	29.7537596985
He	18.8671358865	0.942235603325	16.5244300079
He	31.5485665344	24.4040435643	29.3510013529
He	10.4342268003	14.8689133379	7.31030569185
He	9.05667415211	3.72170557069	19.8309639611
He	26.8943384348	27.1232594499	10.6344024879
He	13.7484182178	17.4554874988	32.2043919177
He	5.43120765595	3.48115941703	6.34364256171
He	16.8656518742	29.4252084962	27.188826635
He	31.173312895	19.1256393731	16.4539620374
He	7.4068033171	26.5474014456	11.0414527371
He	28.2942437056	8.64809355377	10.0289240015
He	9.42903868527	7.97020233899	24.0988756007
He	20.1277757931	24.2333993852	34.5480873457
He	23.7856188233	34.3018197277	8.90363869427
He	33.1246047607	11.7228671246	22.1823300844
He	21.3532818883	14.7734591128	18.765015065
He	12.4935597933	24.9676140921	31.5563544536
He	7.63755615436	3.00734795756	16.8523373472
He	32.7178832414	29.7008951961	23.5073548989
He	6.45045605929	0.528586561674	2.01228360748
He	17.547006291	30.634041967	16.5948716405
He	29.8480411124	20.4448914168	9.65122898741
He	28.3842062578	13.9155187879	20.4154780769
He	11.2202261196	3.68866892915	1.61668871593
He	19.4932292935	15.8508298328	7.82940300492
He	24.5834652465	16.5809502554	25.5988478108
He	31.9882377925	5.36240423685	10.3934215816
He	12.1757598817	17.6939909131	29.3742639624
He	18.4661264605	10.8963294027	8.22564787606
He	33.8192007724	20.3771190298	13.8712750476
He	17.8053473168	2.6015283212	1.33796612394
He	0.0675346412094	29.0595501837	5.11237000281
He	12.4777985639	11.8680970739	23.7927048435
He	2.37160615691	33.2960889307	18.8286904569
He	17.312398704	33.0660555582	26.1922549258
He	10.3139147236	1.8484094887	16.0555814221
He	9.48831390205	27.5174374279	25.8827278223
He	32.9102558377	31.2506829078	20.5333554038
He	20.0720132127	21.3977420842	32.9739684433
He	26.9467799727	9.05312671142	26.4891113382
He	26.8365313478	30.268454668	23.5868598975
He	6.23956523811	7.73225164872	35.2172890251
He	31.9521133541	6.6371955993	2.03722034785
He	11.4683878402	10.620002552	13.7486657891
He	8.94141598969	12.1368305826	19.7622485372
He	8.59199286521	13.0799989081	5.35060137562
He	11.2488047847	17.1161157263	13.8220625503
He	19.0536588293	19.252723811	17.1563113962
He	22.9623063422	0.782784457095	28.1756575491
He	30.6553406185	4.53286995151	20.7839982166
He	17.3733308943	14.1755961785	11.1822216416
He	13.9994558011	10.5954939441	12.3853562453
He	24.8922949515	0.0878746184706	15.8955057653
He	7.10524064308	21.9808495043	33.4726196687
He	30.2435114429	24.0691725475	3.88551226985
He	13.8020060616	28.9209951799	30.4835847085
He	21.6618895526	3.53485632159	8.62514011426
He	29.4942374231	9.03540256107	14.4622180772
He	35.7632803708	17.3166973432	26.6071988138
He	30.5485500084	3.33682912318	9.6464569127
He	32.2829745452	7.34258993877	19.1095679712
He	2.16595688117	12.041511378	27.0999373126
He	35.0987969635	8.56938872223	5.04239986707
He	13.2213016222	24.7324302539	13.2529427501
He	34.3521996429	0.885660307648	5.13723173419
He	2.73853816559	28.2290799942	2.4942809431
He	0.390478303521	35.8095990888	28.5185084236
He	29.0434689647	16.9589074318	5.88389795084
He	12.7438097382	2.70163483663	28.9324682635
He	6.64695902029	35.0960682895	14.0182656421
He	25.2595243748	35.8543616737	24.4892080825
He	16.2270942672	26.4619455911	7.87483354484
He	17.3699931539	8.44070113708	1.49875999735
He	33.699003333	33.3662163195	34.6167042877
He	26.4164328735	35.4102195215	18.3207933032
He	2.58952774672	14.2370562514	29.6801939448
He	8.13812215521	3.3376357437	35.2849741351
He	27.5598026262	4.85736753312	3.76749133919
He	31.1001370797	1.59129051456	0.328792702603
He	23.5460890989	25.3778056387	35.6431802127
He	3.22715530555	30.8702262788	34.8502995026
He	19.5830022181	18.2128977043	5.7015097616
He	8.17817481464	13.3065452437	32.6568147246
He	28.9539179263	0.100253748492	32.4468212854
He	13.1811442139	13.9409439722	10.1237765241
He	34.3062145385	26.5902093772	16.6459535315
He	31.5203819568	27.1446260483	13.5396108595
He	14.317859931	8.752721693	34.9537904797
He	30.2150131572	33.1082829777	24.2247255955
He	28.4673854276	9.92801712681	5.39041006488
He	7.00099951681	23.8975437037	28.6973576382
He	1.27890321403	8.46216700315	7.83672873571
He	25.1775297911	13.8611470946	32.6363731623
He	25.2790281545	6.71356346419	22.9839158459
He	19.6457971427	12.7799530145	6.38302345349
He	27.4404712948	30.3246665473	2.21990667011
He	23.412906743	22.5422992768	22.235380534
He	27.1330156672	22.0967599082	21.7036853488
He	25.156441138	22.5598174298	5.99026648128
He	27.2782260155	20.4947097724	29.8743404195
He	8.99538939966	1.79709040073	27.2579808369
He	16.0642747223	26.5919842142	18.3436269751
He	3.77220160718	26.6268982467	24.4263410926
He	27.2083337158	16.0735937544	34.0650150762
He	22.3128412604	9.38054215349	13.4602677092
He	12.0396811202	17.1891443736	6.23619228962
He	10.2089541072	17.8441989356	26.7002722118
He	25.894317152	12.9602037314	24.2556120059
He	5.31326036565	18.1562509823	29.0602054031
He	14.2761163777	1.15091010246	0.71388066726
He	22.2115729098	11.0501932816	31.2856638735
He	26.2864803191	10.9299622329	12.9345673818
He	20.5218769622	8.3434671044	24.9671369652
He	12.4408144603	28.8366986789	32.5561390817
He	33.516205265	17.465821619	34.0899531281
He	1.40908530879	11.5876307681	10.5448562909
He	31.0182909899	26.8206691405	31.4733103854
He	28.6514146251	11.4366430712	0.778703752526
He	1.46867093925	7.95903795393	22.661317499
He	0.706030303659	4.56245367089	13.4782420107
He	22.660252193	14.6855334592	6.09408239555
He	0.601488770415	23.5415820985	25.1591313133
He	0.634617011391	23.2477965731	8.70477022589
He	14.1119086085	32.4854871556	33.6400902106
He	14.5802379679	25.1830168475	30.3565243772
He	19.6188712807	21.9241489445	14.5659976566
He	16.2496363917	10.2390008921	23.0202914599
He	28.1308520798	3.49387960683	23.1706577954
He	6.65041439071	22.6124672794	20.8030937318
He	35.4138762377	7.4738094898	33.0621824258
He	7.11218952535	26.9744648966	35.9194449227
He	28.7107171203	18.1065181856	2.43575243444
He	30.6429047986	25.7410810093	23.2124728239
He	23.8723033827	26.2350024238	18.0357880121
He	18.7339261864	1.29740894994	5.06696946723
He	22.4241186606	18.4740255892	8.35065472329
He	33.4787228499	33.8578580735	17.3590042116
He	1.19459137115	3.24585237375	5.49800077344
He	31.7777257652	0.085556287138	14.7888958852
He	22.7461663304	12.7274514534	34.9720985522
He	17.0318952651	24.4588876071	0.360871365153
He	28.7408079571	31.6429242969	6.55864159724
He	27.5463491633	35.4832997308	21.9914999281
He	34.4394834055	24.7270294966	0.723799424248
He	25.9706740658	29.4887662447	13.7590527171
He	26.2042376322	18.296832655	15.0079934276
He	22.8056442209	18.2687774706	19.7178902367
He	4.77128059409	19.7198953569	32.678014016
He	22.9227562339	3.38188514384	20.3535119747
He	32.2125896623	15.2683204559	8.83304849695
He	11.6588032496	6.97153129633	0.872682685733
He	33.8153686158	1.07270060473	34.7623627059
He	7.13669672479	5.23831118133	14.3154370214
He	23.6213207606	29.6315801968	17.929286462
He	6.1831887648	18.6469783684	4.77240131706
He	29.7109762435	31.3833386818	20.8706357752
He	34.5750060965	30.1093185359	1.51475343975
He	28.189152304	21.3568503117	7.55832750702
He	8.00855376099	16.774473803	6.78703280478
He	31.7309049803	16.8568862349	11.9028915829
He	11.3653435302	34.5264450845	30.4408060858
He	0.125068035923	11.825531134	1.86942077592
He	3.41206114476	8.76362414077	33.0912103019
He	13.4844382734	24.6918631847	23.0635857184
He	6.72350930106	12.3128178955	29.710286533
He	32.3006600927	5.59473421728	31.4230251382
He	30.9259046174	31.6910847368	2.27275272709
He	16.7319038119	5.77964792651	9.58171751102
He	22.7846097754	4.66548174123	16.7073703054
He	34.6224077318	12.2726928714	16.9629251304
He	23.7016334246	25.8790632607	21.0236834311
He	13.0297332056	23.1328575352	30.0531707327
He	20.1337674499	33.8796364844	25.1492973635
He	6.65009218839	14.4486967299	26.0717869498
He	8.38262500488	1.41529751123	13.6886765973
He	22.5758206871	22.3058068223	15.4150579503
He	16.3370837218	34.2914863899	14.413933466
He	28.4178086055	17.8001167171	18.8700501845
He	34.0777006216	10.2749645345	26.7742639674
He	1.85301026115	19.7314132821	10.4970975838
He	21.2984917688	33.7018839959	11.0456980722
He	25.1653315352	2.68369799448	26.6106287676
He	1.00949103708	17.5825385757	30.255929861
He	35.9017364014	23.6962915295	18.7282661911
He	16.991377771	2.23933459327	5.69307555464
He	2.26827704191	19.3362835478	15.9348693244
He	0.72670724081	19.2706574419	18.7100788244
He	13.4506275577	27.1624906843	35.677562848
He	4.81521144952	1.63406836393	9.6418367839
He	32.6250782848	10.282214028	5.53521816448
He	13.8948790372	22.6748472971	34.699975572
He	26.6718430753	17.5144725015	0.258696839375
He	8.61496524383	29.6874839848	2.50958565819
He	34.6648098107	7.98695681329	10.6568601548
He	31.8235340041	32.3834484047	14.7921994838
He	28.0696996041	28.8991369011	7.36931530525
He	10.8881225477	28.6609787642	5.85072022295
He	8.59325992064	17.7778701492	9.44364152949
He	1.98161141481	31.0273000475	31.6662361034
He	20.839018541	34.3464978821	30.6148422927
He	35.2380258476	33.3022642251	26.8871475877
He	26.013609873	5.64721597899	7.80816906012
He	18.2198817049	32.508184917	35.729383671
He	1.23924355606	19.4974978364	23.8755417086
He	16.1001201075	20.8609634309	11.8931747744
He	0.901359223554	15.6672288026	32.9025721291
He	7.7290092696	35.10849724	11.1216924004
He	30.3808634396	23.2318639384	31.5746060149
He	21.6811872462	19.158919438	34.7922713836
He	6.98243802819	13.8229708795	14.3544810315
He	35.4779253403	16.3909555518	2.32741355884
He	15.9984965647	20.2963588814	29.2233354289
He	29.5054158119	4.41778385608	18.206288571
He	22.5656796319	2.44316235144	31.1354219896
He	3.6475128738	13.3038780062	6.87679292977
He	31.3290510087	20.8976734467	0.952431968395
He	29.3171465147	14.6237223993	12.0462819369
He	22.0379775797	3.62782458518	27.5355670404
He	4.39635988831	19.3940709534	10.3053626782
He	25.797199814	32.6935142442	19.4560061465
He	0.746049307224	0.25604785009	19.0860815019
He	25.3259872759	21.0665090643	33.3078005595
He	10.7828432698	14.4698234605	35.0807645461
He	17.7585004857	15.7243969183	17.1728401188
He	32.5146653921	7.65371230537	7.79463768012
He	12.8622732379	6.63407903603	6.07021696453
He	28.7186248789	1.393702432	35.2855637125
He	27.9373361804	18.1465911643	9.09187199121
He	35.9212992355	35.1306328204	1.21650840155
He	11.4036837808	15.4595111282	3.96503280061
He	24.8731078986	26.0035175483	3.13244975559
He	3.09064246874	21.8147960717	3.78693725597
He	24.0509561813	21.9105919649	29.9858473974
He	10.869164137	0.730808431305	0.284822101431
He	18.2228980776	28.1105955584	12.4076332317
He	14.2521920689	9.75307019826	20.7239145475
He	25.7746211681	20.7364354686	12.1617524814
He	25.2790331225	29.8720346726	4.59454722033
He	34.129225346	7.82676592237	14.3766834668
He	15.5695946867	21.8657200442	14.9438981089
He	2.88273801714	32.9404250204	24.8819480317
He	14.7494564286	34.2373109087	23.2918472034
He	22.4627494993	31.3700631014	34.7914282973
He	35.9134001005	12.2855361638	21.0182005783
He	10.8203023081	19.3453150975	15.5799131285
He	30.3833852925	2.32519080725	5.12994723821
He	24.3836777136	15.1119699589	29.2842816745
He	10.2205231607	22.0725197611	18.5396358913
He	9.76933980373	0.22340459439	8.9991958755
He	17.9070195601	11.3527817519	1.73437483448
He	33.6999495834	21.6596341768	29.3248129344
He	30.5611223341	32.4813934097	31.4272372469
He	35.6848588918	5.79982809763	30.3935330279
He	27.0870886067	23.4590717902	35.7387949964
He	21.240495526	18.3435028941	3.09225683767
He	21.6094924286	26.7200832208	24.0875254261
He	25.505882106	29.1063724364	0.0673958196019
He	23.0627998454	0.181421753239	5.09561043536
He	18.5800849557	16.7138579807	31.6557358981
He	4.66628077018	17.781843651	7.30088409716
He	13.9699630075	18.1284375382	10.0977022144
He	13.7931413582	33.3690018349	13.4172336242
He	20.5749515632	24.7882512527	17.964492286
He	31.6614398457	0.109735986205	2.47212773582
He	11.1230522394	6.91921074616	19.7666833629
He	22.7539342388	30.6110740928	25.0458305935
He	8.47066313404	20.3849676452	7.08767205459
He	11.1438457181	29.8576126245	13.4994215512
He	11.4903430202	7.97764974136	9.41954672869
He	34.5538490899	26.3534545027	23.6532965885
He	9.26645668186	7.54233202712	30.0572778151
He	27.437675464	17.2996379791	23.0999328789
He	9.39696479832	23.2454150615	22.686545845
He	9.51675248696	9.14577598061	3.52996111091
He	34.1080193175	29.490168736	29.1190539286
He	10.2372627494	11.0567314832	9.55469799192
He	34.5674921307	3.16197470678	13.0030246005
He	19.7539560274	33.6051603194	15.8444172733
He	14.7134935654	0.212544377065	10.6000206571
He	3.784242599	8.92916540284	0.793463521723
He	31.449004815	12.9771495386	28.94267897
He	33.8722607494	3.19024071059	5.58130759057
He	30.5731991121	31.7775808652	8.18758618857
He	4.75562225102	30.8574778445	15.1296220152
He	24.7895861606	33.6704688088	1.97317676791
He	32.0624967246	11.5148691803	11.4327359535
He	13.0298146255	20.7464675582	21.7488226814
He	23.5703004154	35.7698761007	35.9907560516
He	17.8991397878	24.296191241	33.0034656641
He	27.9471327655	32.0020836442	10.2109592148
He	35.0516089983	20.2972300615	1.73643061983
He	24.7879959737	32.8048986615	12.2372194417
He	0.0841554468765	1.53200433457	15.8552140407
He	2.40032236512	13.8710882179	14.8575925686
He	11.9499371071	21.9339539488	10.1668656161
He	30.7436113223	33.4945727002	34.7948640964
He	18.0373019877	11.5322312777	26.3448324739
He	26.0838236226	28.6221307031	26.4475291211
He	4.20143775237	25.073496004	10.6798999855
He	35.3260304536	17.2727829425	21.6858252804
He	14.9232312196	30.2749581261	35.3272593018
He	2.450099754	34.3954261459	30.6802000782
He	10.5303226654	28.9095626046	28.4687437079
He	14.2560143083	31.6705077315	6.44443538375
He	18.833563009	22.4678835337	29.7393187731
He	32.1271882629	32.5181289903	25.8668251
He	28.6987961705	9.12924598027	26.9214536146
He	7.8256786342	22.7797185873	9.50978878345
