STEP 0
He	-2.54791128368	-7.40479289907	0.11407739406
He	5.5077077738	-5.03549317628	5.80039672876
He	-7.91832398867	5.23147228915	6.11630335846
He	-3.33767785795	-7.40479289907	1.53565722773
He	6.77133429263	7.12691206738	-7.15177508916
He	3.92817462528	2.86217256636	2.48337711685
He	3.29636136587	-5.03549317628	0.429984023766
He	7.24519423718	-3.2980067129	2.16747048715
He	-7.91832398867	3.49398582577	2.16747048715
He	-0.178611560892	6.96895875253	0.11407739406
He	0.295248383666	3.33603251092	-0.675689180203
He	-0.810424820303	-4.08777328716	-7.15177508916
He	-3.8115378025	4.44170571488	4.06291026538
He	3.29636136587	-0.612800360401	1.53565722773
He	-3.4956311728	2.86217256636	-0.201829235645
He	-3.17972454309	-7.72069952877	-2.57112895844
He	4.71794119954	6.49509880797	6.59016330302
He	6.61338097777	-1.08666030496	-1.62340906932
He	-0.65247150545	0.01901289901	-0.991595809908
He	6.45542766292	1.75649936239	-0.0438759207924
He	-1.28428476486	-3.77186665745	-2.57112895844
He	7.40314755204	5.23147228915	-6.99382177431
He	-0.968378135156	-3.6139133426	1.37770391288
He	-3.4956311728	-7.72069952877	-4.30861542181
He	-1.12633145001	-7.72069952877	6.43220998817
He	-6.8126507847	2.86217256636	0.11407739406
He	-5.70697758074	-3.2980067129	-3.20294221785
He	-0.968378135156	3.17807919606	7.37992987728
He	-3.17972454309	-5.66730643569	6.59016330302
He	2.66454810646	-1.08666030496	0.272030708913
He	5.34975445895	6.17919217826	-0.51773586535
He	-6.65469746985	-5.35139980598	-4.46656873667
He	4.87589451439	-6.77297963966	4.53677020994
He	7.24519423718	2.23035930695	1.53565722773
He	-2.54791128368	1.12468610298	-7.62563503372
He	-4.75925769162	0.966732788126	0.11407739406
He	-6.18083752529	7.12691206738	-7.94154166343
He	7.08724092233	4.12579908518	-0.675689180203
He	2.82250142131	5.86328554856	-5.25633531093
He	0.927061643076	6.65305212282	5.48449009905
He	-6.33879084015	-5.50935312083	6.11630335846
He	-5.23311763618	-3.45596002775	-7.15177508916
He	7.24519423718	-2.98210008319	-6.3620085149
He	6.45542766292	-0.928706990106	-2.72908227329
He	-8.07627730353	-6.77297963966	0.745890653471
He	0.927061643076	-0.770753675253	-7.46768171887
He	-3.02177122824	5.70533223371	1.53565722773
He	3.61226799557	3.17807919606	2.325423802
He	2.98045473616	-2.98210008319	4.37881689508
He	-0.0206582460398	-2.35028682378	5.16858346935
He	2.66454810646	0.650826158421	7.53788319214
He	2.34864147675	-2.19233350893	7.69583650699
He	-6.97060409956	-3.2980067129	4.53677020994
He	-3.17972454309	-5.50935312083	-6.3620085149
He	-5.54902426588	-2.82414676834	-7.15177508916
He	-0.810424820303	6.17919217826	-2.57112895844
He	2.5065947916	0.176966213863	-5.73019525549
He	6.92928760748	3.96784577033	4.06291026538
He	5.82361440351	-7.08888626936	-1.62340906932
He	-2.70586459854	7.75872532679	-1.46545575447
He	-1.60019139457	-2.19233350893	-1.78136238417
He	-1.91609802427	0.808779473273	3.90495695052
He	0.295248383666	6.96895875253	3.27314369111
He	3.92817462528	-1.87642687922	-4.78247536637
He	4.40203456984	4.12579908518	7.37992987728
He	0.927061643076	3.17807919606	7.06402324758
He	6.45542766292	1.91445267724	3.27314369111
He	-1.12633145001	5.86328554856	-6.99382177431
He	-2.70586459854	-0.770753675253	-2.41317564358
He	-0.336564875745	-4.56163323172	-5.88814857034
He	2.98045473616	1.91445267724	-3.99270879211
He	-4.75925769162	5.54737891885	1.85156385744
He	6.77133429263	7.12691206738	3.43109700597
He	3.45431468072	-5.03549317628	0.587937338618
He	-0.336564875745	1.59854604754	7.37992987728
He	-5.54902426588	6.81100543768	-7.30972840402
He	4.40203456984	2.07240599209	-1.30750243961
He	1.24296827278	-6.45707300995	3.74700363567
He	0.769108328224	3.65193914062	-2.88703558814
He	-6.02288421044	-1.56052024952	2.95723706141
He	-3.33767785795	-3.45596002775	-4.46656873667
He	-2.07405133912	6.81100543768	-0.833642495056
He	3.92817462528	5.86328554856	-4.78247536637
He	6.45542766292	4.75761234459	-3.99270879211
He	2.03273484705	-3.14005339804	-6.3620085149
He	4.24408125498	1.28263941783	-3.99270879211
He	5.5077077738	-4.08777328716	4.37881689508
He	3.29636136587	-3.45596002775	-0.0438759207924
He	-6.65469746985	-3.6139133426	7.69583650699
He	3.13840805101	-7.24683958421	3.58905032082
He	2.5065947916	-0.612800360401	-6.51996182975
He	3.92817462528	-6.93093295451	2.16747048715
He	-1.60019139457	7.44281869709	5.16858346935
He	-3.33767785795	4.12579908518	-5.73019525549
He	2.03273484705	-0.612800360401	-3.6768021624
He	5.5077077738	-4.87753986142	-0.0438759207924
He	4.40203456984	-2.66619345349	7.22197656243
He	2.34864147675	6.81100543768	-6.20405520005
He	-7.76037067382	-5.19344649113	5.16858346935
He	-3.96949111736	6.17919217826	-3.51884884755
He	5.98156771836	-6.6150263248	-1.14954912476
He	5.1918011441	-3.77186665745	-3.51884884755
He	-3.65358448765	6.49509880797	3.74700363567
He	3.92817462528	6.96895875253	1.06179728318
He	-2.23200465398	3.65193914062	4.85267683964
He	-6.18083752529	5.389425604	2.79928374656
He	4.24408125498	-5.19344649113	0.272030708913
He	-1.75814470942	5.389425604	4.06291026538
He	-0.810424820303	6.65305212282	-7.46768171887
He	-2.86381791339	-6.2991196951	4.06291026538
He	0.295248383666	3.33603251092	2.6413304317
He	-7.12855741441	7.12691206738	-0.675689180203
He	6.45542766292	1.44059273268	-7.78358834857
He	-3.65358448765	-5.98321306539	-7.30972840402
He	2.98045473616	-0.612800360401	-2.09726901388
He	-6.02288421044	-0.928706990106	-0.0438759207924
He	4.71794119954	-6.6150263248	-7.78358834857
He	-7.60241735897	3.49398582577	2.79928374656
He	-4.75925769162	-2.98210008319	6.74811661787
He	-6.8126507847	-5.66730643569	-4.15066210696
He	-6.8126507847	1.12468610298	-7.46768171887
He	-3.4956311728	1.59854604754	-0.0438759207924
He	-5.86493089559	3.17807919606	2.6413304317
He	-1.12633145001	-4.08777328716	-5.57224194064
He	-5.07516432133	5.86328554856	-5.09838199608
He	0.453201698518	3.80989245547	6.59016330302
He	3.13840805101	1.28263941783	2.48337711685
He	6.45542766292	5.70533223371	-4.94042868123
He	0.137295068813	-2.03438019407	4.53677020994
He	4.08612794013	-0.612800360401	-1.78136238417
He	-3.8115378025	-3.92981997231	5.3265367842
He	-2.86381791339	-0.928706990106	-4.46656873667
He	-2.23200465398	6.33714549312	7.53788319214
He	5.34975445895	0.966732788126	-1.78136238417
He	4.08612794013	-3.45596002775	-7.62563503372
He	-1.75814470942	-7.72069952877	-1.62340906932
He	7.56110086689	2.54626593665	1.37770391288
He	6.61338097777	1.91445267724	-1.14954912476
He	2.82250142131	-4.71958654657	5.48449009905
He	-2.07405133912	2.3883126218	-7.15177508916
He	-0.178611560892	-3.6139133426	-2.57112895844
He	5.34975445895	-5.19344649113	-7.94154166343
He	-5.39107095103	-3.14005339804	2.48337711685
He	6.29747434807	3.49398582577	1.21975059803
He	1.71682821734	4.28375240003	-6.3620085149
He	4.40203456984	-5.66730643569	-6.04610188519
He	-1.75814470942	1.91445267724	-6.6779151446
He	-4.28539774706	-5.82525975054	3.43109700597
He	4.40203456984	5.23147228915	4.53677020994
He	-4.28539774706	-2.50824013863	7.06402324758
He	-2.70586459854	2.07240599209	-4.30861542181
He	2.03273484705	6.33714549312	3.90495695052
He	6.61338097777	5.54737891885	-5.88814857034
He	2.98045473616	-0.612800360401	-0.0438759207924
He	-6.33879084015	1.75649936239	-3.6768021624
He	4.40203456984	5.0735189743	-4.30861542181
He	-1.60019139457	3.02012588121	-7.30972840402
He	-6.65469746985	-7.56274621392	6.90606993273
He	-0.178611560892	-3.92981997231	-3.3608955327
He	-6.33879084015	-7.72069952877	5.16858346935
He	7.08724092233	-3.14005339804	-2.25522232873
He	-5.23311763618	-4.40367991686	-2.57112895844
He	5.5077077738	-4.08777328716	7.53788319214
He	-5.07516432133	-2.19233350893	-3.99270879211
He	-3.8115378025	-1.40256693466	1.53565722773
He	-6.02288421044	-1.71847356437	2.95723706141
He	2.1906881619	-1.40256693466	3.58905032082
He	2.66454810646	-0.138940415843	-1.30750243961
He	6.61338097777	-5.98321306539	1.85156385744
He	7.24519423718	0.176966213863	-1.62340906932
He	6.92928760748	2.07240599209	6.11630335846
He	-0.968378135156	-5.82525975054	-7.62563503372
He	-0.494518190598	-6.93093295451	7.53788319214
He	4.87589451439	-2.50824013863	-3.99270879211
He	1.24296827278	3.65193914062	-0.675689180203
He	7.08724092233	-7.08888626936	-6.83586845946
He	2.34864147675	-1.40256693466	5.6424434139
He	0.611155013371	-7.24683958421	5.16858346935
He	-5.39107095103	-5.66730643569	-1.14954912476
He	-3.4956311728	-4.71958654657	3.27314369111
He	-6.02288421044	-2.98210008319	5.16858346935
He	4.08612794013	6.65305212282	-1.93931569902
He	7.56110086689	1.59854604754	-4.78247536637
He	-0.810424820303	-2.66619345349	2.16747048715
He	3.13840805101	-7.40479289907	6.74811661787
He	-1.75814470942	3.33603251092	-6.20405520005
He	-6.65469746985	5.70533223371	-3.99270879211
He	6.45542766292	-3.77186665745	-4.78247536637
He	0.453201698518	-3.92981997231	1.69361054259
He	-3.65358448765	-3.92981997231	-3.51884884755
He	-4.75925769162	-6.45707300995	-6.20405520005
He	-6.18083752529	0.808779473273	-6.51996182975
He	-6.97060409956	3.65193914062	-1.14954912476
He	1.87478153219	-3.77186665745	-3.51884884755
He	-4.75925769162	7.44281869709	4.53677020994
He	1.24296827278	-4.87753986142	-7.78358834857
He	-2.23200465398	2.3883126218	-4.78247536637
He	6.45542766292	7.12691206738	5.16858346935
He	3.29636136587	-4.24572660201	4.06291026538
He	-4.75925769162	4.44170571488	3.74700363567
He	4.87589451439	5.86328554856	-0.201829235645
He	-2.54791128368	-7.40479289907	-5.57224194064
He	-5.07516432133	-5.19344649113	5.48449009905
He	5.1918011441	6.81100543768	-1.78136238417
He	3.61226799557	-2.66619345349	1.53565722773
He	2.5065947916	6.49509880797	-0.201829235645
He	4.40203456984	4.12579908518	-3.04498890299
He	6.61338097777	-4.87753986142	-7.46768171887
He	2.5065947916	-3.6139133426	-3.20294221785
He	3.29636136587	0.650826158421	3.27314369111
He	-6.496744155	0.492872843568	-3.04498890299
He	-2.54791128368	-3.77186665745	0.11407739406
He	5.82361440351	-6.93093295451	-4.15066210696
He	5.5077077738	5.0735189743	-0.675689180203
He	6.45542766292	-5.82525975054	4.85267683964
He	6.77133429263	0.492872843568	-3.51884884755
He	-0.0206582460398	-3.6139133426	5.01063015449
He	-4.75925769162	-1.87642687922	2.79928374656
He	2.98045473616	-5.82525975054	-3.3608955327
He	1.55887490249	7.75872532679	4.53677020994
He	-0.494518190598	5.389425604	3.11519037626
He	-6.8126507847	-6.14116638024	1.69361054259
He	-1.44223807971	3.96784577033	5.6424434139
He	4.24408125498	3.80989245547	2.16747048715
He	1.24296827278	1.44059273268	1.53565722773
He	-2.38995796883	-2.19233350893	5.6424434139
He	7.56110086689	-7.56274621392	-0.991595809908
He	-7.44446404412	-2.19233350893	-1.62340906932
He	-5.54902426588	0.01901289901	-0.675689180203
He	-6.97060409956	3.96784577033	5.48449009905
He	0.453201698518	-0.928706990106	-3.99270879211
He	-4.12744443221	-5.66730643569	-1.78136238417
He	-6.8126507847	-5.50935312083	-2.25522232873
He	-1.28428476486	-3.45596002775	7.22197656243
He	7.56110086689	-6.14116638024	-2.41317564358
He	-6.496744155	5.23147228915	-4.62452205152
He	1.55887490249	-5.19344649113	-2.88703558814
He	4.87589451439	-2.66619345349	-6.20405520005
He	-1.75814470942	-7.72069952877	4.22086358023
He	-5.86493089559	-0.138940415843	-4.30861542181
He	-2.70586459854	-1.87642687922	1.85156385744
He	-6.33879084015	2.07240599209	7.53788319214
He	-2.54791128368	-6.93093295451	6.43220998817
He	6.29747434807	7.44281869709	7.22197656243
He	-0.494518190598	-6.77297963966	3.90495695052
He	-7.91832398867	2.70421925151	-4.62452205152
He	5.98156771836	3.33603251092	-4.15066210696
He	-1.44223807971	-3.92981997231	-6.51996182975
He	5.82361440351	-2.98210008319	7.06402324758
He	6.13952103321	-0.296893730695	1.85156385744
He	1.71682821734	1.28263941783	-5.88814857034
He	0.453201698518	-0.770753675253	1.53565722773
He	-3.96949111736	-5.50935312083	2.48337711685
He	4.08612794013	4.59965902974	-0.359782550498
He	2.1906881619	5.23147228915	-0.51773586535
He	5.98156771836	7.28486538223	0.272030708913
He	6.45542766292	0.176966213863	6.27425667331
He	-1.28428476486	7.60077201194	7.53788319214
He	-7.12855741441	3.49398582577	-4.94042868123
He	-2.38995796883	2.23035930695	-5.73019525549
He	-2.86381791339	-5.35139980598	-7.30972840402
He	1.55887490249	-1.56052024952	-3.04498890299
He	2.5065947916	-2.19233350893	3.58905032082
He	-6.33879084015	-6.14116638024	6.59016330302
He	-5.23311763618	0.808779473273	-6.04610188519
He	6.92928760748	-6.14116638024	-6.83586845946
He	-7.60241735897	-2.82414676834	2.6413304317
He	1.87478153219	2.70421925151	-6.3620085149
He	5.1918011441	-6.14116638024	5.6424434139
He	-6.02288421044	3.33603251092	7.37992987728
He	6.45542766292	5.86328554856	4.22086358023
He	-5.07516432133	-6.14116638024	-3.04498890299
He	-0.0206582460398	-2.98210008319	-3.20294221785
He	-4.60130437677	7.91667864164	-5.41428862578
He	2.98045473616	-0.138940415843	-1.62340906932
He	-2.07405133912	-3.77186665745	2.00951717229
He	5.34975445895	0.334919528715	-1.14954912476
He	-0.178611560892	3.49398582577	4.85267683964
He	6.77133429263	3.65193914062	-7.94154166343
He	7.24519423718	6.81100543768	3.11519037626
He	6.61338097777	-0.612800360401	5.3265367842
He	3.77022131042	-5.19344649113	-1.93931569902
He	-3.96949111736	-4.71958654657	-6.3620085149
He	0.611155013371	6.96895875253	5.16858346935
He	-2.86381791339	5.86328554856	-4.15066210696
He	1.24296827278	-4.24572660201	-0.51773586535
He	2.66454810646	7.12691206738	-5.25633531093
He	5.34975445895	7.60077201194	4.22086358023
He	-1.75814470942	6.65305212282	5.3265367842
He	0.611155013371	-0.770753675253	-5.57224194064
He	6.45542766292	-5.35139980598	6.90606993273
He	-2.07405133912	-0.928706990106	0.745890653471
He	3.29636136587	6.17919217826	0.745890653471
He	1.24296827278	4.28375240003	-0.201829235645
He	2.03273484705	-5.03549317628	-6.83586845946
He	-8.07627730353	0.334919528715	0.272030708913
He	-1.91609802427	-2.98210008319	-0.991595809908
He	-2.38995796883	3.80989245547	3.27314369111
He	4.24408125498	-2.03438019407	5.01063015449
He	-0.178611560892	-6.77297963966	7.53788319214
He	4.08612794013	6.02123886341	5.80039672876
He	0.769108328224	-5.82525975054	-0.675689180203
He	3.92817462528	-3.6139133426	2.6413304317
He	6.29747434807	2.54626593665	1.06179728318
He	-6.65469746985	0.176966213863	6.74811661787
He	-5.54902426588	-7.08888626936	-7.94154166343
He	-7.44446404412	3.02012588121	-3.83475547726
He	1.24296827278	1.91445267724	-3.99270879211
He	-3.33767785795	6.96895875253	-5.88814857034
He	-3.33767785795	-3.14005339804	6.27425667331
He	3.13840805101	5.23147228915	-1.30750243961
He	5.5077077738	1.28263941783	-4.30861542181
He	-6.65469746985	1.91445267724	-6.99382177431
He	5.03384782925	-1.24461361981	6.43220998817
He	5.1918011441	-2.50824013863	2.79928374656
He	-5.54902426588	3.65193914062	0.587937338618
He	-2.38995796883	2.3883126218	7.37992987728
He	-6.18083752529	-7.08888626936	-5.88814857034
He	-4.44335106191	4.59965902974	-4.94042868123
He	-5.54902426588	4.28375240003	-7.46768171887
He	2.66454810646	7.75872532679	-2.72908227329
He	-6.65469746985	6.81100543768	-6.51996182975
He	5.34975445895	6.33714549312	-5.25633531093
He	-3.17972454309	-6.45707300995	3.11519037626
He	3.61226799557	4.59965902974	3.11519037626
He	-5.39107095103	-5.19344649113	5.95835004361
He	-6.02288421044	6.81100543768	4.85267683964
He	-6.65469746985	-1.08666030496	2.6413304317
He	-3.17972454309	-3.45596002775	5.16858346935
He	3.45431468072	-0.928706990106	-3.6768021624
He	-0.810424820303	-4.40367991686	-3.04498890299
He	0.769108328224	2.3883126218	2.48337711685
He	-2.86381791339	-7.72069952877	-4.46656873667
He	-6.65469746985	-7.56274621392	-7.15177508916
He	5.03384782925	-1.40256693466	0.11407739406
He	-6.496744155	-4.71958654657	4.22086358023
He	5.66566108866	-0.612800360401	-4.78247536637
He	4.40203456984	0.966732788126	5.16858346935
He	2.03273484705	-2.82414676834	5.95835004361
He	-5.07516432133	0.650826158421	-5.25633531093
He	7.56110086689	-7.24683958421	-6.83586845946
He	3.77022131042	-3.77186665745	2.16747048715
He	5.1918011441	0.176966213863	-7.15177508916
He	2.1906881619	6.96895875253	6.90606993273
He	-1.91609802427	7.75872532679	-5.41428862578
He	-2.07405133912	-2.98210008319	2.48337711685
He	-6.33879084015	1.28263941783	7.53788319214
He	0.769108328224	0.492872843568	-0.0438759207924
He	-2.38995796883	1.75649936239	-0.675689180203
He	7.08724092233	-6.45707300995	-1.14954912476
He	-4.60130437677	-3.45596002775	-7.62563503372
He	-2.70586459854	-0.612800360401	-0.201829235645
He	0.769108328224	5.70533223371	7.37992987728
He	0.927061643076	7.44281869709	2.48337711685
He	-5.70697758074	4.91556565944	-6.04610188519
He	-1.12633145001	1.12468610298	-0.51773586535
He	-4.12744443221	2.3883126218	5.01063015449
He	-6.02288421044	2.07240599209	-7.46768171887
He	-1.12633145001	6.17919217826	-5.88814857034
He	3.45431468072	5.23147228915	5.6424434139
He	3.61226799557	-1.08666030496	-3.3608955327
He	0.769108328224	0.808779473273	-7.94154166343
He	4.08612794013	3.80989245547	1.37770391288
He	3.61226799557	2.70421925151	7.06402324758
He	3.92817462528	-2.66619345349	1.37770391288
He	-0.968378135156	0.334919528715	-3.04498890299
He	2.34864147675	1.44059273268	-3.51884884755
He	0.453201698518	-6.6150263248	-4.78247536637
He	3.92817462528	-4.71958654657	7.37992987728
He	-5.70697758074	7.28486538223	-1.93931569902
He	4.40203456984	5.54737891885	-6.3620085149
He	4.40203456984	3.49398582577	-2.25522232873
He	-2.70586459854	-5.19344649113	-4.46656873667
He	2.66454810646	4.28375240003	3.90495695052
He	-1.28428476486	7.44281869709	3.90495695052
He	-0.0206582460398	-3.6139133426	4.22086358023
He	3.45431468072	-2.98210008319	0.429984023766
He	-1.12633145001	-4.24572660201	-6.99382177431
He	2.82250142131	4.91556565944	7.37992987728
He	6.77133429263	2.54626593665	-3.20294221785
He	5.1918011441	4.28375240003	-0.201829235645
He	5.34975445895	0.176966213863	7.06402324758
He	7.24519423718	-5.50935312083	5.95835004361
He	-4.75925769162	6.65305212282	-4.46656873667
He	3.77022131042	6.65305212282	-0.51773586535
He	-7.76037067382	-7.08888626936	-2.25522232873
He	1.87478153219	-5.19344649113	5.3265367842
He	3.92817462528	2.07240599209	-4.94042868123
He	0.295248383666	6.33714549312	5.6424434139
He	3.77022131042	0.01901289901	5.48449009905
He	-6.65469746985	2.86217256636	-1.30750243961
He	-6.33879084015	-4.24572660201	2.16747048715
He	-2.07405133912	-6.77297963966	6.74811661787
He	-4.60130437677	-5.82525975054	-4.62452205152
He	5.03384782925	-0.138940415843	-2.09726901388
He	-1.60019139457	6.33714549312	5.95835004361
He	-8.07627730353	-3.92981997231	0.11407739406
He	-3.8115378025	6.17919217826	0.587937338618
He	-6.8126507847	0.176966213863	1.69361054259
He	-6.97060409956	6.49509880797	-0.833642495056
He	6.77133429263	1.12468610298	-2.41317564358
He	7.56110086689	7.44281869709	2.00951717229
He	2.34864147675	2.54626593665	-3.3608955327
He	2.66454810646	6.17919217826	1.85156385744
He	4.71794119954	-5.19344649113	1.69361054259
He	-2.54791128368	-6.93093295451	2.16747048715
He	1.71682821734	-5.66730643569	5.95835004361
He	-2.07405133912	3.80989245547	-2.72908227329
He	0.137295068813	-1.40256693466	-6.6779151446
He	-5.70697758074	1.12468610298	4.53677020994
He	-3.17972454309	5.54737891885	-6.04610188519
He	-5.39107095103	-2.82414676834	0.745890653471
He	-0.336564875745	0.808779473273	-4.30861542181
He	-2.23200465398	7.75872532679	-0.201829235645
He	-5.07516432133	-5.66730643569	3.74700363567
He	0.453201698518	-1.08666030496	-0.51773586535
He	-5.07516432133	5.23147228915	1.21975059803
He	-3.02177122824	-3.6139133426	6.59016330302
He	0.295248383666	-2.82414676834	-1.14954912476
He	-0.494518190598	-7.24683958421	0.587937338618
He	7.56110086689	-4.08777328716	-5.73019525549
He	0.927061643076	2.3883126218	-6.3620085149
He	1.08501495793	-2.66619345349	-3.51884884755
He	5.1918011441	1.59854604754	-0.0438759207924
He	-0.0206582460398	-7.56274621392	2.48337711685
He	-7.44446404412	-2.66619345349	-5.88814857034
He	6.92928760748	-3.92981997231	-4.94042868123
He	-7.76037067382	-5.50935312083	-5.73019525549
He	-1.60019139457	3.02012588121	3.58905032082
He	2.03273484705	1.28263941783	-6.04610188519
He	-4.60130437677	-4.08777328716	-4.15066210696
He	2.82250142131	-0.138940415843	-3.51884884755
He	-5.07516432133	0.01901289901	-3.51884884755
He	3.29636136587	-7.08888626936	4.53677020994
He	2.82250142131	2.54626593665	-1.62340906932
He	2.03273484705	-5.98321306539	-0.991595809908
He	-6.97060409956	2.70421925151	-0.0438759207924
He	4.87589451439	5.389425604	-6.04610188519
He	6.45542766292	-1.87642687922	-3.99270879211
He	6.29747434807	-2.50824013863	4.37881689508
He	4.71794119954	-3.45596002775	-0.359782550498
He	-2.07405133912	6.33714549312	-5.73019525549
He	-1.75814470942	-4.71958654657	-4.15066210696
He	5.5077077738	6.96895875253	-1.30750243961
He	6.61338097777	1.44059273268	-4.46656873667
He	2.5065947916	4.91556565944	2.95723706141
He	-3.4956311728	-7.72069952877	-4.94042868123
He	-2.07405133912	0.966732788126	-6.04610188519
He	-1.28428476486	6.81100543768	6.27425667331
He	-7.12855741441	-0.454847045548	-0.359782550498
He	-4.28539774706	-7.56274621392	-2.72908227329
He	-2.23200465398	3.96784577033	-7.78358834857
He	-0.178611560892	2.23035930695	6.11630335846
He	-1.91609802427	2.86217256636	2.325423802
He	4.71794119954	-7.24683958421	5.95835004361
He	-0.494518190598	-2.82414676834	-7.30972840402
He	7.08724092233	4.59965902974	7.06402324758
He	6.61338097777	7.75872532679	6.11630335846
He	-4.91721100647	-4.56163323172	1.37770391288
He	5.1918011441	1.12468610298	1.06179728318
He	0.295248383666	1.75649936239	7.37992987728
He	-5.39107095103	1.59854604754	2.6413304317
He	4.87589451439	2.3883126218	5.01063015449
He	5.82361440351	0.808779473273	6.27425667331
He	-1.28428476486	-5.03549317628	-4.46656873667
He	-1.60019139457	5.0735189743	-7.78358834857
He	-3.96949111736	-1.56052024952	-1.46545575447
He	6.45542766292	2.70421925151	-0.51773586535
He	1.71682821734	-1.24461361981	-0.991595809908
He	-5.70697758074	6.65305212282	-0.0438759207924
He	-0.968378135156	1.12468610298	-6.3620085149
He	-7.44446404412	-3.92981997231	7.69583650699
He	3.29636136587	0.650826158421	0.587937338618
He	-4.75925769162	6.02123886341	5.80039672876
He	5.66566108866	2.86217256636	-0.359782550498
He	-7.12855741441	2.54626593665	-4.30861542181
He	-4.91721100647	1.59854604754	-2.57112895844
He	3.13840805101	6.65305212282	4.53677020994
He	-6.97060409956	2.86217256636	3.90495695052
He	-4.12744443221	0.334919528715	0.903843968324
He	1.55887490249	-4.08777328716	6.74811661787
He	6.92928760748	-0.612800360401	-2.25522232873
He	1.08501495793	4.12579908518	-7.15177508916
He	7.40314755204	5.23147228915	4.69472352479
He	-4.60130437677	0.650826158421	-3.6768021624
He	-2.70586459854	1.75649936239	3.90495695052
He	-8.07627730353	1.44059273268	2.16747048715
He	7.08724092233	-3.14005339804	-5.73019525549
He	6.13952103321	2.07240599209	-3.99270879211
He	-5.07516432133	2.07240599209	4.69472352479
He	-3.4956311728	-5.35139980598	7.06402324758
He	-5.23311763618	-4.08777328716	-2.09726901388
He	3.92817462528	4.28375240003	-3.04498890299
He	-4.60130437677	4.44170571488	-7.78358834857
He	0.453201698518	-5.03549317628	2.79928374656
He	3.61226799557	-6.93093295451	7.22197656243
He	-1.91609802427	-1.24461361981	3.11519037626
He	7.56110086689	-0.454847045548	-1.46545575447
He	-7.44446404412	-4.24572660201	6.74811661787
He	6.29747434807	0.176966213863	-4.62452205152
He	4.40203456984	0.492872843568	3.74700363567
He	2.03273484705	3.96784577033	-2.88703558814
He	-8.07627730353	-3.14005339804	3.90495695052
He	2.03273484705	-4.56163323172	-0.675689180203
He	-7.44446404412	0.01901289901	2.95723706141
He	-0.810424820303	6.49509880797	-0.991595809908
He	2.1906881619	0.176966213863	0.272030708913
He	1.87478153219	7.28486538223	2.325423802
He	2.34864147675	-6.45707300995	-0.0438759207924
He	6.61338097777	-5.82525975054	-0.201829235645
He	-2.54791128368	-0.770753675253	-2.25522232873
He	5.98156771836	5.0735189743	-0.359782550498
He	-4.12744443221	0.334919528715	2.79928374656
He	3.13840805101	2.07240599209	-3.6768021624
He	6.92928760748	-1.71847356437	2.95723706141
He	-1.60019139457	-1.87642687922	-4.15066210696
He	-4.44335106191	-0.928706990106	1.06179728318
He	7.40314755204	-7.40479289907	2.6413304317
He	7.56110086689	-2.82414676834	-4.94042868123
He	-2.70586459854	0.492872843568	1.06179728318
He	5.66566108866	-5.82525975054	4.22086358023
He	-5.70697758074	-5.98321306539	-7.30972840402
He	-6.02288421044	1.59854604754	-5.73019525549
He	-0.65247150545	2.23035930695	1.37770391288
He	-1.75814470942	-1.24461361981	-3.20294221785
He	3.45431468072	6.33714549312	-0.201829235645
He	7.08724092233	0.176966213863	-1.93931569902
He	-2.07405133912	-1.87642687922	-7.30972840402
He	-0.494518190598	-5.19344649113	1.53565722773
He	-2.07405133912	-1.87642687922	-1.78136238417
He	2.82250142131	-4.56163323172	4.37881689508
He	-4.91721100647	5.389425604	6.74811661787
He	-1.28428476486	3.80989245547	5.95835004361
He	7.08724092233	3.96784577033	7.06402324758
He	4.24408125498	1.28263941783	-4.15066210696
He	1.71682821734	-0.454847045548	5.48449009905
He	4.40203456984	-5.35139980598	-7.62563503372
He	2.34864147675	-3.77186665745	1.06179728318
He	3.77022131042	-2.50824013863	5.48449009905
He	-6.02288421044	7.28486538223	-6.99382177431
He	-3.8115378025	-6.2991196951	-5.09838199608
He	6.61338097777	-6.2991196951	-6.99382177431
He	-7.91832398867	-2.35028682378	-0.675689180203
He	-6.33879084015	6.81100543768	-7.78358834857
He	1.24296827278	3.65193914062	6.43220998817
He	5.82361440351	-3.45596002775	-2.57112895844
He	7.08724092233	7.12691206738	4.22086358023
He	1.24296827278	1.75649936239	-7.62563503372
He	-7.76037067382	-4.24572660201	-0.0438759207924
He	-1.12633145001	2.07240599209	2.48337711685
He	4.87589451439	7.91667864164	7.22197656243
He	4.87589451439	-5.82525975054	-0.991595809908
He	7.56110086689	6.17919217826	7.37992987728
He	-6.33879084015	-7.24683958421	0.429984023766
He	-1.28428476486	4.28375240003	1.69361054259
He	-0.810424820303	-3.2980067129	4.53677020994
He	6.29747434807	-0.138940415843	-2.41317564358
He	0.611155013371	-1.24461361981	-0.991595809908
He	6.13952103321	3.02012588121	7.37992987728
He	-5.07516432133	4.44170571488	4.06291026538
He	-1.75814470942	5.70533223371	2.48337711685
He	-3.17972454309	7.75872532679	5.3265367842
He	-6.02288421044	-4.71958654657	1.53565722773
He	2.82250142131	-2.19233350893	2.00951717229
He	1.40092158763	-0.454847045548	-3.20294221785
He	-4.12744443221	-0.296893730695	2.79928374656
He	-2.70586459854	-0.770753675253	3.27314369111
He	7.56110086689	7.44281869709	-7.30972840402
He	-3.4956311728	-3.92981997231	-0.51773586535
He	5.34975445895	5.389425604	-4.94042868123
He	-6.18083752529	3.65193914062	3.74700363567
He	-6.97060409956	-3.77186665745	-4.15066210696
He	1.55887490249	0.966732788126	6.59016330302
He	0.295248383666	7.91667864164	-7.62563503372
He	-2.54791128368	-0.454847045548	0.429984023766
He	4.87589451439	4.28375240003	2.325423802
He	-6.8126507847	7.28486538223	1.53565722773
He	5.66566108866	0.808779473273	-7.30972840402
He	1.87478153219	-0.928706990106	5.80039672876
He	-1.28428476486	2.70421925151	-7.78358834857
He	-7.44446404412	-2.50824013863	0.903843968324
He	5.5077077738	6.33714549312	-1.62340906932
He	-2.07405133912	3.33603251092	2.16747048715
He	-2.38995796883	-7.08888626936	-1.46545575447
He	-4.75925769162	-3.92981997231	-2.88703558814
He	-2.54791128368	2.54626593665	0.11407739406
He	4.71794119954	-2.50824013863	-6.99382177431
He	0.137295068813	7.75872532679	1.21975059803
He	2.34864147675	-2.35028682378	-4.62452205152
He	-7.91832398867	0.01901289901	4.22086358023
He	-3.33767785795	-4.56163323172	0.272030708913
He	-4.28539774706	3.80989245547	4.85267683964
He	3.45431468072	-5.66730643569	-6.51996182975
He	-7.76037067382	0.01901289901	-7.15177508916
He	6.77133429263	-2.66619345349	-1.93931569902
He	-2.54791128368	-4.08777328716	-6.6779151446
He	6.92928760748	-4.08777328716	4.53677020994
He	-0.0206582460398	-5.82525975054	7.06402324758
He	-4.91721100647	-3.92981997231	7.22197656243
He	7.08724092233	-7.08888626936	-4.94042868123
He	-1.60019139457	1.28263941783	7.37992987728
He	6.77133429263	-0.296893730695	-6.83586845946
He	-7.60241735897	-4.08777328716	-3.99270879211
He	-4.75925769162	0.808779473273	-5.25633531093
He	6.29747434807	1.59854604754	0.272030708913
He	-0.810424820303	3.96784577033	-0.359782550498
He	-0.65247150545	2.3883126218	-1.14954912476
He	-3.4956311728	6.02123886341	-6.99382177431
He	3.92817462528	4.59965902974	-4.62452205152
He	-7.91832398867	7.44281869709	1.85156385744
He	7.56110086689	-6.45707300995	-1.78136238417
He	5.82361440351	3.96784577033	-1.14954912476
He	-2.38995796883	-2.50824013863	4.37881689508
He	-7.12855741441	7.75872532679	5.6424434139
He	6.92928760748	5.389425604	-3.3608955327
He	-4.44335106191	-4.56163323172	-2.72908227329
He	-5.54902426588	-7.24683958421	-4.94042868123
He	-4.44335106191	-4.71958654657	2.325423802
He	-3.17972454309	6.81100543768	-7.15177508916
He	4.24408125498	-4.56163323172	7.37992987728
He	-6.02288421044	4.75761234459	-2.09726901388
He	0.295248383666	-3.92981997231	-3.3608955327
He	7.40314755204	7.60077201194	-3.3608955327
He	1.71682821734	-1.40256693466	2.79928374656
He	-0.494518190598	6.96895875253	-3.04498890299
He	-5.70697758074	-3.14005339804	6.90606993273
He	-4.91721100647	-7.24683958421	2.6413304317
He	-6.97060409956	6.02123886341	-4.30861542181
He	1.40092158763	1.28263941783	7.06402324758
He	-3.17972454309	6.96895875253	-7.94154166343
He	-7.44446404412	2.86217256636	2.6413304317
He	7.40314755204	-0.928706990106	-0.359782550498
He	2.82250142131	-0.928706990106	7.22197656243
He	7.08724092233	7.12691206738	-7.78358834857
He	7.40314755204	1.28263941783	5.6424434139
He	-0.65247150545	-2.35028682378	-2.41317564358
He	5.5077077738	2.86217256636	7.22197656243
He	-3.8115378025	-4.71958654657	3.43109700597
He	2.5065947916	-5.03549317628	4.22086358023
He	-7.60241735897	1.75649936239	0.745890653471
He	-4.12744443221	-1.56052024952	6.59016330302
He	0.453201698518	3.65193914062	4.22086358023
He	5.34975445895	-2.19233350893	1.53565722773
He	5.1918011441	-2.66619345349	7.37992987728
He	0.137295068813	2.54626593665	-2.09726901388
He	6.13952103321	-0.296893730695	7.06402324758
He	-6.18083752529	-5.35139980598	0.745890653471
He	-1.91609802427	-6.14116638024	-5.41428862578
He	1.08501495793	-7.56274621392	-3.20294221785
He	-2.86381791339	0.650826158421	-3.99270879211
He	2.34864147675	0.334919528715	1.85156385744
He	3.45431468072	-4.40367991686	0.745890653471
He	-3.02177122824	5.0735189743	2.48337711685
He	-2.70586459854	4.75761234459	1.85156385744
He	-3.17972454309	3.33603251092	-3.3608955327
He	-3.17972454309	-7.24683958421	2.325423802
He	3.45431468072	6.02123886341	-6.6779151446
He	-1.28428476486	-5.19344649113	-0.0438759207924
He	-5.86493089559	2.3883126218	0.587937338618
He	-0.968378135156	2.54626593665	3.11519037626
He	1.87478153219	-2.19233350893	-3.83475547726
He	5.82361440351	0.966732788126	4.22086358023
He	-0.810424820303	-2.19233350893	-2.25522232873
He	0.453201698518	-5.66730643569	3.11519037626
He	-7.28651072926	5.54737891885	-7.30972840402
He	-0.494518190598	-7.72069952877	0.429984023766
He	-1.75814470942	-2.35028682378	-5.09838199608
He	2.5065947916	2.70421925151	-0.991595809908
He	-5.39107095103	4.12579908518	-5.57224194064
He	-1.44223807971	-2.98210008319	4.37881689508
He	-3.33767785795	-6.6150263248	2.79928374656
He	3.45431468072	-0.138940415843	-3.51884884755
He	4.08612794013	-1.87642687922	-6.20405520005
He	-3.65358448765	7.75872532679	5.48449009905
He	2.03273484705	-5.50935312083	-5.09838199608
He	3.77022131042	-5.66730643569	-5.25633531093
He	-3.17972454309	0.01901289901	4.37881689508
He	-0.494518190598	1.12468610298	-3.51884884755
He	0.137295068813	-1.87642687922	7.53788319214
He	-1.28428476486	7.12691206738	4.69472352479
He	5.66566108866	-2.82414676834	-0.991595809908
He	-7.76037067382	1.75649936239	6.27425667331
He	-3.65358448765	0.01901289901	-2.88703558814
He	6.61338097777	4.12579908518	5.3265367842
He	6.45542766292	-0.612800360401	3.27314369111
He	1.24296827278	1.44059273268	7.37992987728
He	5.66566108866	1.91445267724	-3.04498890299
He	3.92817462528	4.91556565944	6.90606993273
He	-0.494518190598	-5.03549317628	0.11407739406
He	7.08724092233	-2.98210008319	6.90606993273
He	-4.12744443221	-5.66730643569	5.3265367842
He	2.5065947916	-4.40367991686	0.11407739406
He	6.77133429263	-6.14116638024	3.74700363567
He	-7.28651072926	2.07240599209	-3.51884884755
He	-4.28539774706	0.01901289901	2.6413304317
He	3.77022131042	3.96784577033	-6.6779151446
He	-5.23311763618	7.44281869709	-0.991595809908
He	-6.02288421044	-0.770753675253	0.272030708913
He	2.1906881619	-5.98321306539	-0.359782550498
He	6.92928760748	7.60077201194	5.80039672876
He	-2.07405133912	-4.40367991686	3.74700363567
He	-8.07627730353	-7.56274621392	-2.25522232873
He	-0.336564875745	5.0735189743	5.16858346935
He	-1.91609802427	3.17807919606	7.22197656243
He	-5.70697758074	2.3883126218	6.59016330302
He	1.08501495793	3.33603251092	0.11407739406
He	2.82250142131	-2.03438019407	-2.72908227329
He	6.13952103321	0.01901289901	1.21975059803
He	6.45542766292	-6.45707300995	6.11630335846
He	-0.494518190598	-4.08777328716	6.90606993273
He	4.71794119954	3.49398582577	6.43220998817
He	-6.33879084015	-6.77297963966	5.3265367842
He	4.40203456984	-3.45596002775	-4.78247536637
He	3.92817462528	-4.56163323172	-3.6768021624
He	-5.39107095103	6.65305212282	-4.46656873667
He	-1.60019139457	4.44170571488	0.587937338618
He	-4.75925769162	0.492872843568	3.90495695052
He	0.295248383666	-3.92981997231	5.6424434139
He	5.34975445895	-3.2980067129	6.90606993273
He	-4.44335106191	0.808779473273	-2.72908227329
He	-4.75925769162	-2.50824013863	-1.14954912476
He	-1.91609802427	3.65193914062	-0.675689180203
He	4.24408125498	-7.56274621392	1.69361054259
He	5.03384782925	-1.87642687922	2.00951717229
He	2.66454810646	-1.08666030496	5.95835004361
He	2.66454810646	-1.24461361981	2.6413304317
He	-5.23311763618	7.60077201194	-1.93931569902
He	4.08612794013	-3.6139133426	7.22197656243
He	0.927061643076	-2.82414676834	-3.99270879211
He	-7.44446404412	-1.08666030496	7.06402324758
He	5.66566108866	-3.77186665745	3.58905032082
He	-7.60241735897	-2.66619345349	-6.99382177431
He	3.92817462528	-6.45707300995	-0.991595809908
He	-3.4956311728	-2.35028682378	2.16747048715
He	3.77022131042	-6.93093295451	0.429984023766
He	3.29636136587	3.80989245547	2.00951717229
He	-3.33767785795	6.49509880797	2.95723706141
He	-0.65247150545	3.65193914062	1.21975059803
He	-5.39107095103	-7.40479289907	-3.20294221785
He	0.453201698518	1.59854604754	-7.15177508916
He	3.61226799557	3.02012588121	4.37881689508
He	-0.178611560892	6.02123886341	0.272030708913
He	-0.968378135156	2.23035930695	0.587937338618
He	-1.91609802427	-6.14116638024	-3.51884884755
He	-5.86493089559	-0.296893730695	-3.6768021624
He	3.13840805101	3.02012588121	-0.201829235645
He	1.40092158763	3.80989245547	-3.3608955327
He	-1.44223807971	2.3883126218	6.59016330302
He	-0.178611560892	-2.82414676834	-6.83586845946
He	-2.70586459854	2.54626593665	4.37881689508
He	3.61226799557	-4.87753986142	-2.72908227329
He	5.03384782925	5.389425604	3.27314369111
He	5.98156771836	7.12691206738	-0.675689180203
He	3.29636136587	3.80989245547	-0.201829235645
He	5.82361440351	-3.6139133426	0.272030708913
He	2.03273484705	5.0735189743	7.06402324758
He	4.55998788469	-7.40479289907	-1.78136238417
He	5.98156771836	-3.14005339804	-7.30972840402
He	3.77022131042	4.59965902974	4.37881689508
He	-4.91721100647	6.02123886341	0.429984023766
He	-3.4956311728	-1.87642687922	-2.25522232873
He	-1.91609802427	-4.87753986142	6.43220998817
He	-2.86381791339	-4.56163323172	-6.3620085149
He	-2.23200465398	7.28486538223	-3.04498890299
He	-3.02177122824	7.28486538223	3.58905032082
He	-3.17972454309	-6.93093295451	2.79928374656
He	2.82250142131	-3.45596002775	7.69583650699
He	3.77022131042	-4.08777328716	-6.20405520005
He	5.82361440351	-3.92981997231	5.6424434139
He	-5.54902426588	4.12579908518	4.37881689508
He	-1.91609802427	-3.6139133426	0.11407739406
He	-5.07516432133	1.12468610298	-0.0438759207924
He	-6.97060409956	-2.66619345349	-6.83586845946
He	-3.65358448765	7.44281869709	-4.78247536637
He	-5.70697758074	3.49398582577	-3.99270879211
He	6.29747434807	-6.45707300995	1.53565722773
He	-5.86493089559	-5.35139980598	-0.201829235645
He	3.29636136587	-4.24572660201	-3.51884884755
He	-6.97060409956	-1.40256693466	-5.09838199608
He	-4.91721100647	-4.87753986142	-0.201829235645
He	6.13952103321	-0.454847045548	5.95835004361
He	-7.76037067382	-0.454847045548	1.85156385744
He	-0.0206582460398	-1.56052024952	-5.57224194064
He	1.55887490249	-5.98321306539	-2.88703558814
He	-5.39107095103	4.28375240003	7.06402324758
He	-5.23311763618	-4.08777328716	-2.88703558814
He	6.45542766292	-1.56052024952	-0.675689180203
He	-0.178611560892	-5.03549317628	2.325423802
He	0.611155013371	7.60077201194	2.48337711685
He	4.40203456984	-4.24572660201	-7.46768171887
He	1.87478153219	3.96784577033	-0.833642495056
He	-1.75814470942	-3.45596002775	-7.15177508916
He	4.08612794013	-3.77186665745	-0.51773586535
He	-7.60241735897	3.65193914062	-4.46656873667
He	-7.91832398867	-5.03549317628	5.16858346935
He	-1.28428476486	5.389425604	-4.46656873667
He	-6.18083752529	3.49398582577	0.587937338618
He	-8.07627730353	5.86328554856	3.43109700597
He	7.56110086689	1.91445267724	0.272030708913
He	6.92928760748	5.70533223371	-6.99382177431
He	-3.4956311728	-7.72069952877	-3.3608955327
He	5.03384782925	-4.71958654657	3.27314369111
He	-3.02177122824	0.492872843568	0.272030708913
He	6.45542766292	5.389425604	2.00951717229
He	4.71794119954	-5.19344649113	2.00951717229
He	-1.75814470942	0.334919528715	-1.93931569902
He	-4.91721100647	4.44170571488	5.48449009905
He	-7.12855741441	5.389425604	1.21975059803
He	3.77022131042	-1.08666030496	-2.57112895844
He	-3.17972454309	-6.93093295451	-0.359782550498
He	-1.28428476486	7.44281869709	6.27425667331
He	4.40203456984	-4.24572660201	1.37770391288
He	-1.44223807971	4.91556565944	2.79928374656
He	5.5077077738	6.65305212282	2.16747048715
He	0.927061643076	0.334919528715	-7.62563503372
He	-2.86381791339	-5.66730643569	5.01063015449
He	-5.23311763618	6.17919217826	3.74700363567
He	0.769108328224	6.02123886341	2.95723706141
He	-1.12633145001	-1.08666030496	2.95723706141
He	-6.8126507847	7.12691206738	-0.0438759207924
He	-7.60241735897	1.44059273268	2.48337711685
He	-4.91721100647	7.60077201194	-6.51996182975
He	-4.44335106191	6.49509880797	7.06402324758
He	0.927061643076	-0.770753675253	-3.04498890299
He	2.66454810646	-6.45707300995	-2.41317564358
He	-6.496744155	6.96895875253	-7.94154166343
He	-2.23200465398	1.28263941783	-0.201829235645
He	6.29747434807	6.33714549312	-7.30972840402
He	0.295248383666	7.28486538223	-6.20405520005
He	-0.65247150545	6.96895875253	3.58905032082
He	-5.54902426588	-6.2991196951	6.59016330302
He	-1.60019139457	-3.92981997231	-0.51773586535
He	-1.28428476486	0.01901289901	-1.62340906932
He	-2.23200465398	0.01901289901	-4.94042868123
He	2.5065947916	6.96895875253	1.69361054259
He	1.08501495793	3.33603251092	5.80039672876
He	6.92928760748	-5.03549317628	-4.62452205152
He	0.611155013371	5.389425604	6.74811661787
He	4.87589451439	-2.50824013863	-7.62563503372
He	-0.968378135156	1.28263941783	-0.359782550498
He	-6.496744155	3.80989245547	-6.6779151446
He	3.13840805101	-6.93093295451	-4.46656873667
He	0.453201698518	7.28486538223	-6.99382177431
He	-6.02288421044	3.17807919606	-5.73019525549
He	6.29747434807	1.59854604754	2.79928374656
He	-1.12633145001	3.49398582577	-1.30750243961
He	-7.44446404412	-3.92981997231	3.11519037626
He	-3.65358448765	2.70421925151	-6.04610188519
He	4.87589451439	0.650826158421	0.272030708913
He	1.71682821734	-0.454847045548	7.53788319214
He	-7.28651072926	-3.92981997231	4.85267683964
He	4.71794119954	5.70533223371	3.90495695052
He	0.137295068813	-1.40256693466	-6.3620085149
He	4.55998788469	0.966732788126	2.6413304317
He	6.61338097777	-6.6150263248	4.69472352479
He	0.769108328224	-1.24461361981	6.43220998817
He	-5.39107095103	1.12468610298	2.00951717229
He	0.137295068813	-6.45707300995	6.27425667331
He	-4.60130437677	-7.24683958421	-6.04610188519
He	2.5065947916	1.75649936239	6.90606993273
He	3.92817462528	-3.77186665745	5.01063015449
He	-5.86493089559	-6.2991196951	1.37770391288
He	2.1906881619	-5.03549317628	-4.94042868123
He	3.61226799557	1.91445267724	0.745890653471
